663  1089992
693  1090284
923  1090529
924  1090543
1271  1090890
2272  1090604
4533  1090599
4983  1090605
5101  1090601
5930  1090600
5931  1090602
8281  1090749
8517  1089868
8606  1090891
8905  1089872
9061  1090701
9065  1090893
9066  1090918
9310  1089211
10267  1090568
10648  1089866
10869  1090574
11112  1090572
12076  1090751
14579  1090565
14623  1090549
14781  1090580
15443  1090563
16245  1090575
16293  1090752
20920  1090557
33107  1090577
35657  1090588
35731  1090556
37198  1088506
38880  1090576
40310  1090598
40378  1090912
40379  1090757
46433  1090753
48860  1090586
49036  1090911
49037  1090915
50436  1090592
51753  1090594
51830  1090593
51831  1089859
51912  1090002
55583  1090584
55584  1089998
57709  1090597
59811  1090914
63893  1090913
65195  1089858
69953  1089860
70852  1089993
72542  1090780
72715  1090782
74166  1090769
74403  1090763
74457  1090541
75779  1090548
76126  1090755
77948  1090585
78730  1090591
78763  1090555
80219  1090562
80472  1090756
80718  1090178
80720  1090177
80726  1090533
80920  1090587
81598  1090438
81805  1090154
83342  1090155
83463  1090785
83648  1090581
83649  1090573
83790  1090564
85030  1090571
85059  1090897
85331  1089867
85866  1090286
85872  1090285
86394  1090531
86431  1090578
87089  1090582
87169  1090784
87180  1090772
87640  1090775
88890  1090754
89200  1090777
89516  1090764
89687  1090788
90983  1089997
93050  1090840
93473  1090026
95311  1089996
95582  1090793
95892  1090760
96051  1090796
96204  1088741
97411  1090820
98853  1088743
103585  1088742
106780  1090803
107592  1090804
110851  1090057
110935  1090824
111607  1088572
111812  1088726
111919  1088729
111924  1090058
112044  1090084
112482  1090085
112536  1090826
112537  1088738
112726  1088735
113689  1088737
113692  1088564
114187  1090087
114188  1090043
114189  1088563
114190  1090060
114191  1090061
114393  1090059
119236  1090044
119373  1088575
120809  1088566
121652  1090415
121679  1088569
122415  1090855
122487  1088570
122799  1090278
124157  1090110
126953  1090850
126964  1090104
128408  1090851
128454  1089855
128461  1090063
128498  1088528
128503  1090281
128504  1088526
128508  1090847
130171  1090848
130472  1089877
131735  1090430
132981  1088752
133911  1090280
134584  1088530
134763  1090856
134764  1090150
134767  1088531
134774  1088929
134922  1090773
135043  1090776
136825  1090012
137626  1090013
138561  1090762
139696  1090759
139763  1090812
140173  1090802
143360  1088718
144979  1090823
146217  1090852
148561  1090854
148564  1090100
148623  1089058
148864  1090028
148865  1090790
150741  1090791
150757  1090006
150758  1090007
150799  1090799
150980  1090765
151393  1090774
151396  1090728
151410  1090821
151442  1090047
151450  1090046
151632  1090045
151684  1090054
151988  1090405
152402  1090049
157311  1088573
157371  1088574
157372  1088571
157374  1088732
157376  1088734
157377  1088740
158617  1088748
158632  1088751
163513  1090113
163977  1090114
164575  1090115
164744  1090225
164829  1089856
164851  1090723
164854  1090725
165113  1090274
165135  1089046
167102  1090015
167831  1090016
168897  1090275
169070  1090273
169263  1088529
170732  1088940
172674  1088941
172788  1090423
173627  1090025
174115  1090008
174116  1090792
174120  1088527
174131  1090088
174169  1089925
174516  1089926
174517  1089924
174856  1089913
174857  1090748
175007  1089914
175313  1089931
175655  1089912
175729  1090747
175731  1089595
175742  1089599
176044  1089909
176109  1089915
176447  1090744
176504  1090745
176532  1088690
176587  1089930
176588  1089852
177327  1089929
177362  1089907
177370  1089830
177395  1088703
177400  1088706
177405  1088707
177409  1089606
177608  1089826
177619  1089835
177687  1088212
177689  1089823
178058  1089843
178116  1088696
178200  1088697
178208  1088693
178209  1088709
178247  1088692
178259  1088695
178290  1090814
179472  1088713
179520  1088715
179794  1090827
179913  1090829
180135  1090817
180256  1090813
180297  1088235
181229  1090831
181232  1088220
181318  1088221
181319  1090818
181377  1088719
181799  1088243
181814  1088223
181888  1088233
181889  1088218
181932  1088203
181948  1088193
182114  1088244
182294  1088229
183104  1088231
183210  1088722
183244  1088926
183306  1088723
183781  1088247
183843  1088232
183861  1088910
184034  1088934
185520  1088246
185616  1088918
185676  1088916
186675  1088917
186714  1088936
188472  1088935
188723  1088416
188819  1088937
192434  1088417
192763  1088908
193472  1088746
193507  1088939
193511  1088957
193933  1088944
194972  1090838
196710  1088954
197588  1088418
201014  1088959
204994  1088927
205266  1088960
205396  1088259
205399  1088422
205400  1088423
205401  1088092
205430  1088097
206862  1088269
209180  1088105
209233  1088257
209241  1088266
209476  1088100
209508  1088252
209511  1088249
210120  1088250
210202  1088094
210253  1088096
210261  1088254
210266  1088258
210275  1088268
210331  1088255
210332  1088098
210342  1088099
210343  1090857
210344  1088113
210345  1088110
210349  1088111
210350  1088107
211082  1088142
211276  1088404
211329  1088282
217028  1088285
218521  1088286
218522  1088280
218552  1088292
218589  1088283
218704  1088112
218707  1089736
219790  1089134
219798  1089127
219925  1089131
219958  1089132
219985  1089129
220340  1089130
220963  1089678
221326  1089927
222314  1089778
222352  1089910
222733  1089824
222734  1089854
222745  1089827
223226  1089610
223268  1088216
224585  1088238
225741  1089608
226051  1088922
226834  1088921
226867  1088245
226901  1088947
227345  1090837
227494  1088265
227645  1088278
227646  1088108
227934  1088138
228138  1088109
228457  1088943
228467  1088186
228686  1089928
229062  1089920
229138  1089922
229140  1089908
229348  1088187
229364  1088952
229384  1088920
229389  1088956
229471  1088497
230533  1088420
230560  1088421
231259  1088953
231446  1088955
231447  1088931
231449  1088928
231454  1088261
231472  1088248
231473  1088753
231576  1088754
231861  1088755
234331  1088958
234665  1088273
235061  1088275
235063  1090872
235087  1089556
235195  1088489
235196  1089562
235419  1089564
235449  1090192
242158  1089919
242278  1089635
242788  1090610
242820  1090612
242821  1089636
242822  1090245
242825  1090246
242826  1089911
242827  1089851
242828  1089612
243102  1089611
243213  1089614
243506  1088219
245565  1088708
245826  1089837
249040  1089832
250986  1089834
251898  1090815
255557  1090830
256508  1090758
257022  1088716
257105  1088717
257114  1088241
257590  1088242
257591  1088237
257593  1088234
257594  1088217
257622  1089882
257818  1089885
258003  1088154
258948  1090694
258962  1088725
259182  1090434
260479  1089613
261859  1090132
261908  1088185
263037  1089666
263163  1088183
263173  1088180
263479  1089667
263580  1089665
263799  1088860
264408  1088312
264854  1090858
265839  1088313
266199  1090731
267334  1088863
268580  1088317
269221  1088389
269354  1089280
269939  1089282
270419  1089283
270477  1089281
270966  1089286
271400  1088856
272021  1088318
272172  1089039
272229  1089040
272823  1088321
274568  1090864
274584  1088390
274730  1088864
274731  1088394
275603  1088865
275806  1088310
276099  1088395
276130  1090145
276868  1088889
276927  1088338
276929  1090861
279220  1088336
281352  1088869
281610  1088872
282165  1088401
283174  1088396
284282  1088307
284675  1088178
284792  1090732
285234  1088316
285237  1089302
285840  1089287
286221  1088867
286565  1088106
286576  1090433
286909  1088866
287020  1088333
287022  1088885
287439  1088886
287821  1088882
287839  1088329
288181  1090419
288198  1088868
289288  1088879
289289  1088880
289311  1088196
289320  1088195
290727  1090449
290735  1088311
291389  1088397
291561  1088398
292302  1090733
292729  1088319
293008  1088208
293273  1090432
293340  1090413
293744  1088965
294220  1090676
294275  1088554
294671  1088556
294806  1088557
295317  1088975
295537  1088558
295593  1088967
295647  1088377
295718  1088378
295830  1089017
295878  1089029
295985  1088987
295991  1088992
296055  1088994
296074  1088996
296134  1090689
296498  1088386
296609  1088388
296651  1088973
296658  1088970
296764  1088997
297005  1089027
297023  1088978
297024  1090690
297082  1089025
297360  1090711
297948  1088974
299056  1088983
299205  1090705
299296  1089001
299431  1089032
299476  1090713
299767  1089010
299859  1089013
299961  1089005
300016  1089015
300037  1089034
300050  1089011
300977  1090692
301014  1089002
301469  1089009
301477  1089037
301492  1089003
302569  1089004
303630  1089038
303711  1089042
303780  1090715
303781  1089050
303786  1090716
304066  1089072
305307  1089051
305388  1090868
306655  1088892
307215  1088894
307550  1089075
307691  1089070
307781  1089062
307924  1089063
308312  1088559
308419  1088560
308625  1088548
308768  1088371
309349  1088373
309546  1090714
309700  1089008
311296  1089014
312057  1089036
312859  1089045
312861  1089041
312903  1090865
314102  1088899
314176  1088900
317136  1088314
317140  1089071
318034  1090691
318061  1088391
318490  1088393
318499  1090722
318532  1089047
320911  1090471
322052  1089035
322654  1088368
325149  1088582
325465  1088585
325601  1089672
325770  1089673
325788  1088441
326125  1088521
326137  1088458
326159  1089671
327141  1088456
328247  1088457
328928  1089059
329480  1089669
329499  1088468
330023  1089060
330703  1088462
330763  1088464
331911  1088586
331979  1088590
337889  1090221
338774  1090222
338780  1088465
338899  1088580
339443  1088581
339444  1089674
339484  1088589
339981  1088625
340804  1088855
340906  1088836
341581  1088843
341913  1088850
341998  1088849
342216  1088851
342272  1088852
342443  1088839
345373  1088854
345376  1088846
345383  1088840
345719  1088833
346251  1088545
346272  1088546
346283  1088689
346285  1088686
346714  1088688
347217  1088848
347226  1088844
347227  1088635
347234  1088630
347242  1088651
347584  1088550
347607  1088633
348447  1088631
348449  1088649
348450  1088650
348451  1088643
348827  1088656
349013  1088685
349023  1088661
349848  1090677
349865  1088666
349866  1090288
349867  1090289
349868  1088683
349869  1088665
349977  1088668
350093  1088669
350120  1088672
350136  1088295
350657  1088156
350753  1088158
350755  1088294
350756  1088296
350770  1088674
350832  1088682
351212  1088676
351254  1088681
351281  1089078
351342  1088367
351343  1090343
352003  1090306
352004  1088293
352011  1088761
352012  1090867
352013  1088758
352014  1090298
352015  1090300
352016  1088328
352033  1088332
352237  1090291
352831  1090302
352833  1088775
353779  1088757
355571  1088760
356990  1088174
358952  1088779
359045  1088579
359054  1088627
359062  1088626
359066  1088543
359067  1088547
359068  1088549
359073  1088664
361095  1088684
361927  1088769
362433  1090346
362708  1090293
362761  1090345
362762  1088834
362782  1088835
363839  1088842
363841  1088624
364405  1088588
366066  1088584
366667  1090334
366809  1089329
367295  1090248
367779  1090249
368112  1090678
368158  1090176
368183  1088160
368193  1088177
368195  1088171
368201  1088161
368203  1088162
368204  1088164
368205  1088169
368206  1088165
368207  1088166
368210  1090682
368211  1088172
368217  1090687
368225  1090685
368283  1089986
368574  1089987
368619  1090683
369011  1090361
369518  1090096
369520  1090097
369546  1090094
369662  1090095
369949  1090031
370098  1090032
370099  1090158
370159  1090164
370164  1090162
370857  1090159
370862  1090161
370882  1090166
371340  1090463
371341  1090234
371342  1090335
371548  1090342
371935  1090282
371936  1090141
371937  1090341
371938  1090111
371940  1090473
371995  1089873
372028  1089875
372121  1088964
372525  1089941
372526  1088963
372545  1090125
372546  1090283
372549  1090090
372550  1090254
372594  1090251
372595  1089961
372596  1090055
372944  1090257
372945  1090256
373472  1090255
373483  1090233
373507  1090175
373508  1090040
373509  1090235
373511  1090093
373512  1090092
373513  1089968
373522  1090462
373523  1089972
373524  1089969
373525  1089970
373526  1089971
373527  1089965
373528  1089967
373529  1089966
373530  1090098
373531  1089989
373532  1090424
373533  1090324
373534  1090231
373575  1089991
373577  1089990
373636  1089689
374245  1089690
374246  1089691
374247  1089692
374409  1089949
374427  1089900
374428  1089892
375579  1089893
375580  1090148
375581  1089903
376102  1089904
376311  1089905
376638  1089898
376639  1089951
376640  1089952
376641  1089958
376642  1089876
376648  1089878
376649  1089956
376650  1089960
376651  1089953
376746  1089950
376769  1089707
377022  1089718
377023  1089714
377024  1089717
377778  1089886
377779  1089698
377786  1089144
377787  1089142
377806  1089138
377807  1089747
377810  1089741
378005  1089742
378042  1089746
378201  1089700
378306  1089695
378733  1089697
378744  1089702
378817  1089701
378818  1089933
378997  1089699
379007  1090470
379081  1089936
379625  1089935
379626  1089937
379628  1089939
379629  1089934
379630  1089703
379631  1089143
379632  1089147
379636  1089704
379637  1089705
380007  1089158
380017  1089146
380540  1090112
380541  1089232
380542  1089548
380603  1089228
381032  1089150
381116  1089149
381200  1089230
381314  1089116
381354  1090266
382241  1089115
382242  1089120
382328  1089084
382329  1089086
382330  1089087
382331  1089345
382333  1089097
384026  1089344
384033  1089346
386048  1089089
386547  1089083
386548  1089096
386700  1089085
387499  1089099
387500  1089193
387520  1089098
388057  1089194
388536  1089195
389133  1090362
389181  1090363
389191  1089330
389195  1089331
389196  1090511
389204  1089175
389347  1088471
390176  1090523
396352  1089174
396957  1089332
397086  1089177
397090  1089334
397093  1089333
397102  1089336
397103  1089338
397104  1089339
397106  1089319
397107  1090448
397108  1089340
397109  1088453
397110  1088454
397114  1090477
397115  1088591
397120  1088424
397127  1088434
397128  1088435
397129  1090105
397130  1090106
397131  1088592
397134  1090512
397157  1090520
397158  1088438
397159  1088455
397160  1088437
397168  1088439
397169  1088429
397170  1090513
397171  1088428
397186  1088445
397187  1088442
397188  1088593
397189  1088425
397190  1088426
397191  1088427
397192  1088432
397193  1090521
397194  1088446
397198  1088604
397199  1088449
397208  1088452
397209  1088596
397210  1088603
397225  1088600
397238  1088601
397246  1088578
397265  1089670
397268  1088597
397271  1088598
397273  1088576
397276  1088577
397278  1090451
397279  1090875
397281  1090494
398708  1090874
399482  1090877
400186  1088139
400243  1088137
400744  1088130
400754  1088120
400755  1088114
400756  1088115
400757  1088405
400760  1088406
400770  1088118
400775  1088116
400778  1088117
400781  1088444
400782  1088402
400783  1088407
400784  1088408
400785  1088410
400786  1088341
400794  1088343
400796  1088339
400801  1088337
400809  1088340
400816  1088348
400827  1088351
400833  1088352
400834  1090207
400835  1088184
400836  1090209
400837  1088907
400846  1088883
400847  1088904
400850  1088903
400919  1088906
401500  1088881
401707  1088902
402459  1088359
402749  1088364
402752  1088360
402758  1088361
402759  1088365
402762  1088362
402800  1090499
402803  1090873
402825  1088133
402826  1088136
402841  1088122
402846  1088131
402868  1088132
404352  1088411
404357  1088412
409755  1088415
410402  1090420
410484  1088342
410491  1088344
410499  1088414
410502  1088345
410503  1088357
410506  1088358
410514  1088346
410591  1088356
411710  1090878
411721  1090133
411722  1090321
411725  1088363
411888  1089054
412066  1089056
412611  1088366
412615  1089077
412714  1089052
413311  1089053
413312  1090870
413319  1090869
413320  1089061
413383  1089066
413384  1088832
413390  1088799
413395  1088800
413397  1088810
413399  1088796
413400  1088797
413404  1088818
413408  1088820
413411  1090719
413417  1088798
413421  1088821
413424  1090317
413426  1090443
413427  1088828
413429  1090076
413430  1090077
413433  1088827
413435  1088822
413436  1088823
413439  1088777
413440  1088824
413445  1090702
414272  1088780
415509  1088781
416733  1090909
416784  1090311
416899  1090316
417285  1090308
418215  1088786
419484  1088793
419770  1088176
429757  1090767
429764  1090779
429962  1090761
429973  1090766
430736  1090771
431186  1090038
431187  1088807
431560  1088808
432438  1088803
432682  1088806
433364  1088816
435027  1088812
436700  1088829
437458  1088795
437466  1090220
438725  1090880
439321  1090881
439413  1090696
440804  1090697
440908  1090001
440937  1090004
441257  1090789
441272  1090883
441919  1090884
443370  1090259
443373  1090467
443374  1090464
443375  1090468
443403  1090919
443404  1090258
443851  1090428
443856  1090174
444155  1089940
444370  1090190
444963  1090198
445146  1090200
445790  1090195
445860  1090199
445864  1090376
446011  1090406
446449  1090606
446450  1090607
446451  1090140
446452  1090489
446912  1090490
446914  1090126
446942  1090121
447040  1089863
447622  1089865
448361  1089871
448416  1089861
448417  1089822
448418  1090191
448419  1090394
448523  1090492
449072  1090491
449616  1090640
449652  1090143
450394  1090144
450886  1090269
450891  1090099
450894  1089984
450895  1090109
450899  1090437
450907  1090441
450919  1090037
450934  1090171
450942  1090138
452035  1090493
452176  1090131
456263  1090783
456264  1090496
456282  1090128
456283  1090130
456284  1090030
456285  1090421
456287  1090497
456288  1090074
456802  1090075
457308  1090073
458435  1090029
461935  1090478
462789  1090134
467550  1090136
467558  1090188
467559  1090243
467696  1090270
467697  1090036
467755  1090403
467756  1090404
467929  1090417
467960  1090116
468450  1090071
468986  1090072
471433  1090127
471437  1090244
473395  1089722
475234  1089850
475607  1090157
476053  1089618
476189  1089621
477378  1089615
478636  1089616
480937  1089643
480938  1089645
480942  1089641
480943  1089639
480962  1090645
481000  1089646
481001  1089647
481868  1089651
482331  1089652
482469  1089640
482835  1089617
482836  1090646
482840  1090664
482848  1089625
482858  1089653
482885  1089622
482897  1089656
482901  1089626
482902  1089658
482903  1089659
482915  1089629
482916  1089657
483021  1089631
483136  1090635
483508  1089916
483636  1089681
485680  1089687
485782  1090616
487282  1089686
487546  1089609
488141  1090242
488540  1089679
488541  1089677
488545  1090613
488549  1090186
488712  1090187
489165  1090064
490843  1089685
491346  1089683
492463  1089593
492836  1089594
492838  1089598
493476  1089684
493651  1089591
493652  1090617
494558  1090615
495409  1090151
495420  1089604
496645  1089605
497019  1089602
497436  1089426
498346  1090886
498451  1090889
498556  1089496
499095  1089489
499294  1089490
499296  1089471
499902  1089494
499972  1089495
499977  1090740
500852  1090742
500855  1090626
500856  1090632
500905  1090743
501372  1090628
501375  1090625
501376  1090631
501379  1090633
501654  1089587
501656  1089582
501657  1089588
502204  1089589
504762  1088210
504764  1088211
506540  1088199
506887  1088202
507057  1088192
508231  1088188
508269  1090834
508809  1090835
508818  1088191
509392  1090736
509526  1090117
509539  1090118
509676  1090355
509679  1090068
511083  1090070
511191  1089372
511336  1089373
511337  1089378
511888  1089590
512444  1089384
513680  1089389
513801  1089478
513950  1089375
513951  1089376
514088  1089371
514370  1089370
514521  1089355
515798  1089357
516611  1089358
516612  1089381
516641  1089383
516642  1089369
516746  1089353
516864  1089473
517127  1089387
517187  1090620
517476  1089477
517598  1089476
518423  1089472
518424  1089475
519205  1090453
519398  1090452
520001  1090201
520494  1090272
520674  1090271
520870  1090228
521203  1090091
521227  1090619
521750  1089318
521762  1089637
521764  1090642
521783  1089351
521924  1089352
522699  1089360
522716  1089354
522722  1089361
522768  1089362
523477  1089359
524664  1089367
524859  1089364
524877  1089275
524923  1089272
528111  1090671
528112  1089273
528680  1090525
528693  1089258
529952  1089350
531445  1089257
532365  1089256
532474  1089261
532475  1088298
533421  1090643
533425  1088151
533653  1088152
533667  1088144
535338  1089480
535710  1089482
535714  1089484
535715  1089487
536585  1089488
536611  1089661
536663  1089664
536883  1090454
537762  1090455
538089  1088561
539188  1088301
539189  1088300
539715  1088297
540161  1088302
540825  1088303
541373  1089259
542373  1090659
542404  1090648
543551  1090657
545575  1090658
545576  1089262
546128  1089263
546157  1089266
546169  1089270
546178  1089260
546194  1090669
546222  1090670
548524  1090672
549071  1090636
551126  1090639
551162  1088621
551435  1088622
552710  1090673
553163  1090674
553426  1089324
553455  1089325
553460  1089321
555263  1088606
555295  1088608
555825  1088616
558688  1088620
558690  1090665
558724  1088609
558998  1090668
559030  1089315
559110  1089316
561932  1089308
562211  1089312
562711  1089309
562712  1089310
562713  1089288
563473  1089293
563636  1088532
563996  1089298
564058  1088525
564064  1088459
564221  1088460
564265  1088461
564405  1089295
566080  1090365
566143  1088306
569739  1088305
571252  1089942
573244  1089943
575691  1089945
575963  1089946
575993  1088533
576021  1088534
576453  1090667
578592  1088962
578666  1088961
578915  1088535
579196  1088552
581164  1088628
581427  1088629
581555  1088537
582079  1090333
582089  1088551
582099  1090469
582107  1090179
582127  1090429
582130  1090142
582131  1090905
582133  1090906
582134  1090156
582135  1090372
582136  1090377
582137  1090268
582138  1088419
582151  1090263
582163  1090264
582164  1090898
582165  1090899
582166  1090262
582173  1090422
582207  1090204
582672  1090202
583973  1090203
583977  1090436
583986  1090205
584228  1090206
585406  1090152
585450  1090261
585451  1090172
585609  1090173
586810  1090163
587532  1090167
587578  1089721
587584  1089720
587730  1090279
588802  1089733
588803  1089734
590503  1089729
591086  1089730
591253  1089728
592707  1090230
593537  1089738
593601  1089890
593607  1089975
593608  1089976
593629  1089511
593737  1089981
593773  1089982
593779  1089464
599411  1089466
599412  1090210
599434  1090218
599520  1090212
599521  1090213
600078  1090211
602007  1090215
602077  1090214
602346  1090217
602674  1090184
602999  1090183
604224  1089348
604630  1089349
604631  1089719
604970  1089963
605916  1089513
606560  1089964
606819  1089770
606820  1089773
606822  1089775
606823  1089793
606827  1089737
606839  1089771
607374  1089782
609346  1089740
609351  1089739
610156  1089503
610934  1089515
610935  1089504
611283  1089505
611292  1089514
611293  1090330
611805  1090331
612424  1090329
612425  1089891
612427  1089508
612429  1090332
612430  1089509
612431  1089510
612432  1089526
612433  1089517
612434  1089524
612439  1089785
612448  1089787
612449  1089519
612453  1089520
612454  1089521
612456  1089501
612457  1089467
612458  1089819
612459  1089815
612460  1089816
612461  1089522
612463  1089813
614484  1089796
614493  1089159
614494  1089857
614502  1089784
614510  1089783
614595  1089153
614625  1089161
614643  1089162
615397  1089156
615398  1089157
615399  1090227
615412  1089498
615418  1089528
615421  1089154
615422  1089155
615424  1090481
615425  1089818
615437  1090426
615438  1089808
615439  1089810
615440  1089419
615441  1089499
615442  1089743
615445  1089744
615453  1089745
615454  1089126
615455  1089110
615456  1089229
615457  1090354
615458  1089111
615459  1089114
615460  1089148
615461  1089163
615462  1089164
615463  1089171
615512  1089165
615895  1089101
615901  1089102
616899  1089151
616900  1089166
616910  1089168
616997  1089108
617243  1089107
617759  1089100
617760  1089152
617833  1089167
617834  1090328
617836  1089104
617837  1089106
617847  1089811
617855  1089812
617880  1089821
617894  1089805
618343  1089222
621075  1089804
621786  1089220
623072  1089221
623073  1089223
623198  1089197
623341  1089198
623407  1089112
626266  1090276
626290  1090277
626310  1089125
626398  1089119
626605  1090416
626607  1089105
628198  1089082
628199  1089079
628228  1089121
628231  1089080
628836  1089092
628837  1089095
628848  1089093
628849  1089090
629861  1089091
630688  1089088
630889  1090502
630994  1089347
630996  1089196
631270  1089201
631284  1089341
631817  1089199
632509  1089200
633015  1089342
633305  1089343
633809  1089409
634349  1089468
634358  1089408
634910  1089406
638975  1089415
639106  1089411
641129  1089394
642154  1089414
645736  1089276
645945  1089447
646843  1089444
647926  1089446
649156  1089279
652860  1089243
652956  1089244
653292  1089278
653498  1089242
653705  1089231
653758  1089254
654119  1088153
654328  1089250
654514  1089251
654544  1089255
654553  1089461
654593  1089417
654818  1089399
654889  1089416
654896  1089393
654897  1089403
654922  1089405
654923  1089448
655247  1089435
655308  1089434
655366  1089396
656089  1089391
656090  1089216
656091  1089218
656092  1089214
656180  1089219
656182  1090894
656355  1089392
657488  1089449
658762  1089432
659214  1089433
659255  1089456
659378  1089457
660303  1090505
660745  1089455
660755  1089500
660792  1089454
660793  1088482
661024  1089141
661048  1089438
661117  1089239
661118  1089550
661174  1089552
662055  1090515
663511  1089245
668266  1089249
668879  1089247
668880  1090518
671031  1089227
671036  1089553
671096  1089577
671350  1089579
671861  1089574
671865  1089575
672948  1089303
673126  1089320
673281  1089463
673448  1090504
673818  1089212
673829  1089226
674161  1089181
675179  1089213
675183  1089208
675387  1089204
675456  1089205
675467  1089206
675490  1088480
675508  1088481
675713  1088486
676961  1088496
678291  1088504
678307  1088498
678537  1088502
679031  1088503
680362  1089209
681995  1089210
682342  1088494
682425  1088501
682554  1088476
682556  1088507
682948  1088514
683008  1088516
683178  1088490
683222  1088500
683226  1090514
683233  1088510
683317  1090509
684523  1088477
684898  1088469
684899  1088470
685536  1089184
685537  1089182
685539  1090507
685564  1088474
686178  1089186
686589  1090510
686590  1088472
686591  1088512
686856  1088518
687022  1088478
687544  1088517
687570  1088522
687580  1088520
688411  1089306
688414  1089307
689524  1088524
689567  1088523
689568  1089959
689569  1089160
689573  1089680
689574  1089241
689588  1088121
690430  1088129
690944  1090876
690951  1088413
690952  1090318
691361  1088349
691619  1090700
691747  1090623
692361  1090048
692478  1088859
692785  1088778
693541  1090180
694275  1090181
694774  1088288
695989  1089064
699102  1090908
699242  1090916
700296  1090801
700316  1088123
701111  1088905
703140  1090425
704809  1088204
704810  1090410
704897  1090135
705130  1090182
705261  1090226
705265  1090223
706949  1090224
708644  1089049
709384  1090033
709390  1090219
709654  1088771
709789  1088772
709905  1090089
709908  1090550
709909  1090418
709911  1090119
709912  1089057
709913  1090253
709914  1090267
709915  1090427
710006  1090542
710508  1090005
710515  1090010
710518  1090412
711198  1090768
711205  1090778
711206  1089862
711247  1090904
711328  1090907
711329  1090910
711718  1090895
711719  1090896
711720  1090482
711721  1089397
711762  1089776
712353  1089777
713112  1089724
713250  1089727
714070  1089723
714095  1089725
714096  1089726
714114  1089781
714115  1088745
714116  1090819
714117  1090800
714118  1088727
714119  1088562
714132  1090822
714133  1088721
714152  1089844
714723  1089846
714865  1089847
714895  1089849
714917  1089917
714919  1089918
714934  1090411
714935  1088262
714936  1088263
714937  1088251
714938  1090614
714944  1088749
714945  1088747
714946  1088750
714947  1089379
714996  1090618
715079  1089470
715728  1089469
715729  1089486
715730  1089385
716037  1089479
716733  1089675
716748  1089676
716749  1089601
716756  1089600
716757  1088201
716758  1088205
716760  1088206
716761  1088209
716769  1088143
716786  1088213
716787  1088214
716795  1090067
716796  1089048
716797  1090516
716798  1090517
716799  1089568
716810  1089554
716811  1089555
717779  1089580
717984  1089581
717985  1089571
717986  1089573
717987  1088491
717994  1088487
717995  1088488
717996  1089565
717998  1089566
717999  1089459
718000  1089980
718001  1089977
718003  1090917
718030  1090238
718044  1090373
718045  1090375
718046  1089894
718047  1089896
718048  1089897
718259  1089710
718366  1089711
718450  1089708
718451  1089709
718452  1089712
718453  1089713
718454  1089895
718455  1089901
718546  1089902
718547  1089879
718548  1089880
718549  1089888
718557  1089889
718558  1089769
718559  1089797
719136  1089798
719149  1089803
719983  1089420
720233  1089423
720836  1089421
721118  1089806
721119  1089807
721120  1089460
721122  1089425
721123  1089801
721124  1089802
721125  1089800
721466  1089788
721574  1089799
721589  1089751
721814  1089753
722673  1089759
726194  1089762
726324  1089763
726325  1090501
728315  1090326
728317  1089124
728318  1089368
728656  1090530
729836  1090534
730369  1090532
730629  1090538
731667  1090540
731668  1089176
731671  1089179
731880  1089178
732060  1090666
732489  1090638
732506  1089289
732510  1089291
733805  1089292
733827  1088179
733836  1089663
733952  1088194
734321  1088323
734691  1088324
735228  1089619
735924  1089620
737439  1089845
737442  1089932
737450  1089899
737461  1090139
737775  1090009
738251  1089994
738846  1090122
738853  1090407
738854  1090408
738855  1088720
738866  1089694
739254  1089756
739636  1089688
739640  1089109
740273  1089948
741054  1089944
741058  1089947
741078  1090675
741093  1090336
741106  1090338
741113  1090339
741120  1090039
741122  1088103
741133  1088104
741325  1090524
741966  1090842
742021  1090409
742026  1088392
742265  1090695
742596  1088159
742787  1090147
742794  1089887
742795  1090488
742809  1090170
742826  1090797
742832  1090798
742917  1089760
742967  1088447
743758  1088448
744098  1090236
744264  1090237
744280  1090066
744284  1090435
744288  1090380
744323  1090381
744324  1088862
744335  1088861
744336  1089028
744338  1089067
744565  1089076
746162  1089424
746350  1089284
746366  1089985
746373  1089754
746626  1089757
746633  1090641
746658  1089923
746738  1090806
746746  1090808
746752  1090811
747002  1090807
747114  1090526
747396  1090544
747688  1090547
747931  1090583
748185  1090560
748708  1090561
749135  1090553
749230  1090554
749382  1090750
749386  1090871
749389  1090885
750399  1090684
750424  1090686
750425  1090699
752242  1090882
753657  1090688
754761  1090681
754809  1090679
754888  1088845
756137  1090305
756573  1088787
757162  1090693
758013  1090703
758122  1088762
759288  1090304
763399  1088289
763760  1088290
764318  1088814
764507  1090879
764516  1088819
765666  1089031
765830  1090737
765875  1088190
767352  1090734
767698  1090735
768099  1090841
768323  1090843
768324  1090844
770071  1090845
770458  1090738
771808  1090739
776972  1088093
778582  1088095
781191  1088101
781197  1088102
781889  1088119
782855  1088127
782856  1088124
782857  1088125
782908  1088126
784253  1088128
784254  1088134
784255  1088135
784334  1088140
784416  1088141
784617  1088145
784667  1088146
784675  1088147
784676  1088149
784689  1088148
784698  1088150
784745  1088155
784870  1088157
784918  1088163
784953  1088167
785567  1088168
785694  1088170
786078  1088173
786376  1088175
786514  1088181
786616  1088182
786617  1088322
786824  1088189
786986  1088197
787156  1088198
787229  1088200
787408  1088207
787692  1088215
787693  1090832
787856  1088236
788009  1088222
788128  1088224
788129  1088227
788130  1088225
788131  1088226
788534  1088228
789326  1088230
789595  1090833
789698  1088239
789715  1088240
790056  1088264
790160  1088253
790161  1088256
790163  1088260
790222  1088267
790285  1088270
790467  1088271
790516  1088272
790523  1088274
790525  1088276
790526  1088277
790669  1088279
791693  1088281
792190  1088284
793554  1088287
793930  1088291
796333  1088299
796334  1088304
796502  1088308
798652  1088309
798731  1088325
800280  1090846
801168  1088315
804660  1088320
804714  1088326
804717  1088327
804906  1088330
804962  1088331
805349  1088334
806060  1088335
806137  1088347
806147  1088350
806148  1088355
806157  1088353
806158  1088354
806164  1088369
806244  1088370
806357  1088374
806468  1088381
806498  1088372
807022  1088376
807062  1088382
807161  1088375
807501  1088379
807506  1088380
808338  1088383
808340  1088384
808355  1088385
808356  1088387
808358  1088399
808359  1088400
808367  1088403
808371  1088409
808377  1088430
808379  1088431
808408  1088440
808411  1088433
808419  1088436
808429  1088443
808441  1088450
808442  1088451
808443  1088463
808455  1088466
808456  1088467
808457  1088473
808458  1088475
808459  1089189
808460  1088479
808461  1089192
808487  1088483
808705  1088484
808887  1088485
809949  1088492
810131  1088493
810132  1088495
810134  1088499
812012  1088505
812070  1090519
812386  1088508
813060  1088509
813639  1088511
813642  1088519
813643  1088513
813646  1088515
813647  1088536
813648  1088540
813649  1088538
813656  1088539
813657  1088541
813658  1088542
813659  1088544
813660  1088605
813662  1088553
813667  1088555
813668  1088565
813669  1088567
813670  1088568
813671  1088583
813672  1088587
813675  1088594
813676  1088595
813677  1088599
813678  1088602
813679  1088607
813680  1088610
813681  1088611
813688  1088612
813689  1088613
813692  1088614
813693  1088615
813694  1088617
813759  1088618
814144  1088619
814147  1088623
814160  1089299
814162  1088636
814163  1088632
814164  1088634
814165  1090349
814181  1090287
814186  1088637
814187  1088638
814198  1088639
814200  1088641
814201  1088646
814203  1090307
814211  1088640
814212  1088642
814217  1088644
814231  1090348
814481  1088645
815140  1088657
815143  1088647
815144  1088648
815147  1088658
815195  1090290
815390  1088653
815940  1088652
816950  1088654
817982  1088655
818561  1088659
819371  1088660
821196  1088662
821726  1088663
822103  1088667
823634  1088670
824831  1088671
827085  1088673
827218  1088675
827290  1088765
827291  1088767
829649  1088677
829683  1088678
832070  1090294
832397  1088679
833752  1088680
837865  1090292
837882  1088687
840475  1088691
840480  1088694
842470  1088698
843366  1088699
849426  1088700
852623  1088701
852624  1088702
852642  1089840
853504  1088704
853505  1088705
854821  1089838
855015  1088710
855644  1088711
855657  1088712
856300  1088714
856312  1088724
857728  1088728
857759  1088731
857975  1088730
858631  1088733
858642  1088736
858643  1088739
858649  1088744
858652  1088756
858662  1088759
858690  1090301
859200  1088763
859246  1088764
859271  1088766
859272  1088768
859615  1088770
859616  1090295
860020  1090344
860128  1088773
860129  1088774
860133  1088776
860136  1090303
860194  1088784
861018  1088785
861136  1088782
861153  1088783
861291  1088789
862506  1088790
862510  1090717
862511  1088788
862513  1090309
862516  1088791
862521  1088792
862522  1088794
862527  1090718
862533  1090720
862550  1088801
863453  1088802
863464  1088804
863467  1088805
864334  1088809
865164  1088811
865171  1088813
865174  1088817
865180  1088815
865605  1088825
865619  1088826
865644  1088830
865886  1088831
866588  1088837
866589  1088838
866590  1088841
868214  1088847
868348  1088853
869190  1088857
869503  1088858
870020  1090729
870092  1090730
870110  1090866
870111  1088870
870114  1088871
870609  1088878
870883  1088873
871378  1088874
871379  1088875
872590  1088876
873174  1088877
873813  1088884
874097  1088887
875395  1088888
876205  1088890
877369  1088891
877780  1088893
877897  1088895
878628  1088898
878629  1088896
878944  1088897
880476  1088901
880505  1088909
880528  1088911
880529  1088912
880535  1088913
880536  1088914
880544  1088915
880545  1088919
880546  1088923
880547  1088924
880548  1088925
880549  1088930
880550  1088932
880551  1088933
880552  1088938
880553  1088942
880832  1088945
881540  1088946
881981  1088949
882568  1088951
882647  1088948
883469  1088950
883790  1090839
883948  1088966
886816  1088968
886919  1088969
887357  1088971
887830  1088972
888024  1089000
888385  1088976
889610  1088977
889832  1088979
890120  1088980
890121  1088981
891439  1088982
891441  1088985
891727  1088986
892176  1088984
892832  1088988
892853  1088989
893185  1088990
893190  1088991
893332  1088993
894271  1088995
895182  1088998
895927  1088999
896148  1089006
896150  1089007
896464  1090680
896636  1090704
896640  1089012
896852  1090709
896853  1090707
896859  1089016
898300  1090706
899307  1089018
899934  1089019
903728  1089020
903758  1089021
905784  1089022
906988  1089023
909933  1089024
909947  1089026
910801  1090712
912018  1089030
912230  1089033
912922  1089044
913002  1089043
913861  1090726
914414  1090727
916436  1089055
916451  1089069
916607  1089065
916660  1089068
916712  1089073
917562  1089074
917564  1089081
917697  1089094
917719  1089820
917830  1090500
917898  1089103
918542  1089113
918543  1089117
918546  1089118
918551  1089122
919238  1089123
920150  1089128
920508  1089133
920561  1089135
921250  1089136
921251  1089137
922716  1089766
923248  1089139
923690  1089140
923691  1089145
923692  1089497
923700  1089530
923845  1089169
924661  1089170
925012  1090479
925032  1090480
926651  1089172
926689  1089173
926994  1089180
927389  1090506
927739  1089183
928440  1089185
928572  1089187
928647  1089188
928663  1089190
929195  1089191
929203  1089225
929204  1089202
929205  1089203
929206  1089207
929209  1090508
929521  1090325
930036  1089215
930047  1089217
930104  1089224
930214  1089233
930259  1089545
930297  1089234
930891  1089235
930892  1089542
930893  1089236
931061  1089541
931580  1089237
931589  1089238
931590  1089538
931593  1089540
931595  1089240
931609  1089252
932165  1089246
932167  1089248
932169  1089253
932172  1089269
932173  1090663
932174  1089264
932175  1089265
932180  1089267
932181  1089268
932185  1089271
932187  1090662
932225  1089274
932257  1089277
932275  1089285
932293  1089290
932420  1089294
932424  1089296
932425  1089297
932835  1089300
932836  1089301
932837  1089304
932838  1089305
932839  1089311
932840  1089313
932841  1089314
932910  1089317
932918  1089322
932937  1089323
932938  1089328
933295  1089326
933296  1089327
933300  1089335
933301  1089337
933366  1089356
933367  1089363
933368  1089365
933429  1089366
933430  1089374
933748  1089377
935080  1089380
935152  1089382
935567  1089386
936158  1089388
936164  1089390
936183  1089395
936278  1089398
936342  1089400
936360  1089401
938462  1089418
938463  1089402
938504  1089404
938567  1089407
938568  1089410
938592  1089412
938596  1089413
938599  1089422
938626  1089427
938752  1089428
939108  1089429
939526  1090503
939637  1089430
940019  1089431
940020  1089453
940142  1089436
940194  1089437
940949  1089439
941475  1089442
941482  1089440
941485  1089441
941549  1089443
941592  1089445
942707  1089450
943227  1089451
943228  1089452
943274  1089458
943801  1089462
943851  1089465
943857  1089474
943858  1089485
943863  1089481
943874  1089483
944023  1089491
944283  1089492
944432  1089493
944817  1089529
945257  1089502
945258  1089531
945269  1089532
945289  1089506
945311  1089507
945494  1089512
945692  1089527
945696  1089780
946495  1089516
946498  1089518
946724  1089525
946950  1089523
946966  1089533
947114  1089534
947971  1089535
948006  1089536
948030  1089537
948045  1089539
948046  1089543
949069  1089544
950120  1089546
950637  1089547
950641  1089549
951961  1089551
951977  1089557
952478  1089558
952566  1089561
952572  1089559
953745  1089560
953827  1089563
954056  1089567
955680  1089569
955701  1089570
955719  1089572
956624  1089576
956634  1089578
958190  1089583
959291  1089586
960813  1089584
960818  1089585
960864  1089592
961076  1089596
961854  1089597
961859  1089603
961861  1089607
961866  1089853
961878  1089655
961886  1089623
963510  1089624
964006  1089627
964747  1089628
964780  1089630
965107  1089632
965966  1089633
966368  1089634
966379  1090609
966384  1089638
966856  1089642
966881  1089644
966885  1089650
967255  1089648
969443  1089649
970315  1089654
970880  1090608
971043  1089660
971613  1089662
972653  1089668
972663  1090474
972688  1089682
972706  1089693
972845  1089696
972874  1089706
973941  1089715
973963  1089716
973965  1089731
973985  1089732
974186  1089735
974487  1089772
975035  1089748
975040  1089749
975044  1089750
975045  1089752
975046  1089758
975051  1089755
975052  1089761
975669  1089764
976000  1089765
976001  1089767
976002  1089768
976011  1089774
976012  1089779
976019  1089786
976020  1089789
976025  1089790
976026  1089791
976045  1089792
976046  1089794
976048  1089795
976057  1089809
976364  1089814
976368  1089817
976375  1089825
976377  1089828
976386  1089829
976387  1089831
976388  1089833
977080  1089836
977255  1089839
979891  1089841
979979  1089842
980438  1089848
980630  1090103
980941  1089864
981116  1089869
984023  1089870
987144  1089874
987718  1089881
989319  1089883
990381  1089884
992181  1089974
992201  1089906
994344  1090637
996281  1089921
996539  1089938
996542  1089954
996543  1089955
997285  1089957
998706  1089962
999574  1090337
999828  1090340
999829  1089973
1001185  1089978
1002085  1089979
1002093  1089983
1002098  1089988
1002099  1090241
1002103  1089995
1002109  1090003
1002134  1089999
1002143  1090000
1002146  1090027
1002151  1090011
1002167  1090014
1002176  1090017
1002179  1090018
1002180  1090019
1002194  1090020
1002385  1090021
1002915  1090022
1002921  1090023
1002922  1090024
1002940  1090035
1002946  1090034
1003305  1090041
1003473  1090042
1003474  1090053
1003618  1090050
1004877  1090052
1005023  1090051
1005031  1090056
1005032  1090062
1005033  1090065
1005034  1090069
1005036  1090078
1005037  1090079
1005043  1090080
1005056  1090081
1005057  1090082
1005058  1090083
1005613  1090086
1005614  1090101
1005620  1090102
1006281  1090107
1006282  1090108
1006287  1090120
1006288  1090123
1006474  1090124
1006713  1090483
1006714  1090129
1006715  1090137
1006716  1090146
1006718  1090149
1006722  1090153
1006788  1090439
1006816  1090160
1006818  1090165
1007097  1090168
1007945  1090169
1007946  1090185
1007954  1090189
1007955  1090193
1007966  1090194
1007969  1090196
1008827  1090197
1008831  1090232
1008832  1090208
1008833  1090216
1008834  1090229
1008836  1090239
1008837  1090240
1008838  1090247
1008839  1090250
1008843  1090252
1008844  1090414
1009275  1090260
1009620  1090265
1009633  1090366
1009955  1090364
1009986  1090367
1010053  1090322
1010140  1090323
1010559  1090350
1010881  1090296
1010882  1090297
1010883  1090299
1010968  1090310
1011354  1090312
1011365  1090313
1011516  1090347
1011594  1090314
1012160  1090315
1012161  1090319
1012344  1090320
1012899  1090327
1013993  1090351
1014361  1090352
1014362  1090353
1014378  1090357
1014380  1090358
1014415  1090360
1014421  1090356
1014429  1090359
1014439  1090368
1014441  1090369
1014457  1090371
1014461  1090370
1014472  1090374
1017172  1090402
1017173  1090378
1017205  1090379
1017260  1090382
1021582  1090383
1021954  1090384
1022566  1090385
1022991  1090386
1023030  1090387
1023558  1090388
1023703  1090393
1023860  1090389
1023890  1090390
1024900  1090391
1026375  1090392
1026418  1090395
1026419  1090398
1026522  1090401
1026878  1090396
1027043  1090397
1027115  1090399
1027156  1090400
1030373  1090431
1030639  1090442
1031458  1090440
1034538  1090444
1035382  1090446
1040387  1090445
1051492  1090447
1053239  1090450
1053305  1090461
1053404  1090458
1053405  1090456
1053596  1090457
1053614  1090459
1053651  1090460
1053997  1090465
1054041  1090466
1054134  1090472
1054135  1090475
1054346  1090476
1054501  1090484
1054530  1090485
1054531  1090486
1054587  1090487
1054694  1090495
1054792  1090498
1054793  1090522
1054869  1090527
1055171  1090528
1055184  1090535
1055191  1090536
1055315  1090537
1055316  1090539
1055370  1090545
1055444  1090546
1055472  1090551
1055508  1090552
1055602  1090558
1055633  1090559
1055815  1090566
1056273  1090567
1056526  1090569
1056529  1090570
1056534  1090579
1056535  1090589
1056538  1090590
1056539  1090595
1056620  1090596
1056967  1090603
1056968  1090611
1057137  1090621
1057244  1090622
1057518  1090624
1057519  1090630
1057637  1090627
1057638  1090629
1057639  1090634
1057780  1090644
1057793  1090647
1057855  1090649
1058025  1090650
1058026  1090651
1058027  1090652
1059032  1090653
1059114  1090654
1059182  1090655
1060269  1090656
1060431  1090660
1062032  1090661
1062037  1090698
1063436  1090708
1063978  1090710
1066772  1090721
1068037  1090724
1068038  1090741
1068039  1090746
1068040  1090770
1068891  1090781
1069572  1090786
1069635  1090787
1069636  1090794
1069650  1090795
1069656  1090805
1070127  1090809
1070166  1090810
1070243  1090816
1070288  1090825
1070292  1090828
1073548  1090836
1073854  1090849
1077827  1090853
1077828  1090859
1079795  1090860
1080014  1090862
1080718  1090863
1080719  1090887
1082263  1090888
1082458  1090892
1083928  1090901
1084735  1090902
1086422  1090903
1086969  1090900
