1089992  603
1090284  1059773
1090529  1059838
1090543  1059846
1090890  1059860
1090604  1059868
1090599  1059877
1090605  1059900
1090601  1059911
1090601  1059914
1090601  1090603
1090600  1059913
1090602  1059914
1090749  1059921
1089868  1059926
1089868  1089869
1089868  1089870
1090891  1059928
1090891  1086840
1090891  1090892
1089872  1059929
1090701  1059938
1090893  1059948
1090918  1059948
1089211  1059951
1089211  1059966
1089211  1084420
1089211  1084510
1090568  1059963
1090568  1090569
1090568  1090570
1089866  1059969
1090574  1059980
1090572  1059981
1090751  1059990
1090565  1059997
1090565  1090566
1090565  1090567
1090549  1060000
1090580  1060003
1090563  1060005
1090575  1060009
1090752  1060018
1090557  1060020
1090557  1090558
1090557  1090559
1090577  1060023
1090577  1060499
1090577  1090579
1090588  1060028
1090588  1090589
1090588  1090590
1090556  1060029
1088506  1060032
1090576  1060050
1090598  1060055
1090912  1060066
1090757  1060067
1090753  1060069
1090586  1060085
1090911  1060088
1090915  1060088
1090592  1060091
1090594  1060097
1090594  1090595
1090594  1090596
1090593  1060099
1089859  1060103
1089859  1060126
1089859  1090755
1090002  1060105
1090584  1060112
1089998  1060113
1089998  1089999
1089998  1090000
1090597  1060115
1090914  1060118
1090913  1060119
1089858  1060123
1089860  1060126
1089993  1060136
1089993  1086527
1089993  1089995
1090780  1060141
1090780  1073497
1090780  1090781
1090782  1060141
1090769  1060163
1090763  1060169
1090541  1060244
1090548  1060268
1090755  1060273
1090755  1089859
1090585  1060278
1090591  1060279
1090555  1060280
1090562  1060283
1090756  1060289
1090178  1060304
1090177  1060329
1090533  1060369
1090587  1060399
1090438  1060403
1090438  1075838
1090438  1090154
1090154  1060405
1090154  1090155
1090154  1090438
1090155  1060405
1090155  1090154
1090155  1090439
1090785  1060409
1090785  1090786
1090785  1090787
1090581  1060411
1090573  1060417
1090564  1060420
1090571  1060426
1090897  1060427
1089867  1060444
1090286  1060448
1090286  1090285
1090285  1060449
1090285  1082902
1090285  1090286
1090531  1060491
1090578  1060499
1090582  1060503
1090784  1060509
1090772  1060510
1090775  1060511
1090754  1060513
1090777  1060522
1090764  1060523
1090788  1060525
1089997  1060535
1089997  1073862
1089997  1089996
1089997  1090003
1090840  1060540
1090026  1060553
1089996  1060553
1089996  1084867
1089996  1089997
1090793  1060567
1090793  1090794
1090793  1090795
1090760  1060587
1090796  1060628
1088741  1060640
1090820  1060680
1088743  1060688
1088743  1088744
1088743  1090803
1088742  1060689
1090803  1060695
1090803  1088743
1090803  1090805
1090804  1060695
1090057  1060731
1090824  1060750
1090824  1060803
1090824  1090825
1088572  1060755
1088726  1060756
1088726  1085571
1088726  1088728
1088729  1060756
1088729  1088728
1088729  1088730
1090058  1060766
1090084  1060785
1090085  1060785
1090085  1060843
1090085  1090086
1090826  1060803
1088738  1060811
1088738  1062322
1088738  1088739
1088735  1060812
1088735  1062171
1088735  1088736
1088737  1060812
1088564  1060841
1088564  1088565
1088564  1088732
1090087  1060843
1090043  1060851
1088563  1060881
1090060  1060899
1090060  1061995
1090060  1090062
1090061  1060899
1090059  1060962
1090044  1060969
1088575  1061042
1088566  1061045
1088566  1088567
1088566  1088568
1090415  1061053
1088569  1061078
1090855  1061079
1088570  1061145
1090278  1061172
1090110  1061195
1090850  1061384
1090104  1061394
1090851  1061450
1089855  1061470
1089855  1089856
1089855  1090103
1090063  1061521
1088528  1061530
1090281  1061553
1088526  1061593
1090847  1061620
1090847  1085804
1090847  1090849
1090848  1061620
1089877  1061658
1090430  1061696
1090430  1090405
1090430  1090431
1088752  1061706
1090280  1061708
1088530  1061783
1088530  1061816
1090856  1061787
1090150  1061847
1088531  1061850
1088929  1061886
1088929  1088928
1088929  1088930
1090773  1061911
1090776  1061913
1090012  1061917
1090012  1090010
1090012  1090014
1090013  1061917
1090762  1061933
1090759  1061934
1090812  1061971
1090802  1061976
1088718  1061991
1090823  1061992
1090852  1062019
1090852  1062576
1090852  1090853
1090854  1062031
1090854  1062576
1090100  1062049
1090100  1090101
1090100  1090102
1089058  1062087
1090028  1062179
1090790  1062181
1090791  1062181
1090006  1062184
1090007  1062184
1090007  1062535
1090007  1090027
1090799  1062193
1090765  1062198
1090774  1062198
1090728  1062206
1090821  1062227
1090047  1062243
1090047  1062259
1090047  1090049
1090047  1090050
1090046  1062243
1090046  1090045
1090046  1090050
1090045  1062244
1090045  1090046
1090045  1090053
1090054  1062252
1090405  1062258
1090405  1085696
1090405  1090430
1090049  1062259
1090049  1090047
1090049  1090048
1090049  1090052
1088573  1062307
1088574  1062307
1088571  1062311
1088732  1062316
1088732  1088564
1088732  1088733
1088734  1062316
1088740  1062322
1088748  1062328
1088748  1062329
1088751  1062343
1090113  1062351
1090114  1062355
1090115  1062355
1090225  1062356
1089856  1062401
1089856  1089855
1090723  1062404
1090723  1065673
1090723  1090724
1090725  1062404
1090274  1062457
1090274  1065690
1090274  1090275
1089046  1062468
1090015  1062473
1090015  1090017
1090015  1090018
1090016  1062473
1090275  1062474
1090275  1090273
1090275  1090274
1090273  1062476
1090273  1081147
1090273  1090275
1088529  1062502
1088940  1062507
1088940  1063782
1088940  1088942
1088941  1062507
1090423  1062522
1090025  1062530
1090025  1090021
1090008  1062535
1090792  1062557
1088527  1062581
1090088  1062587
1089925  1062621
1089926  1062646
1089924  1062655
1089913  1062658
1089913  1062697
1089913  1090637
1090748  1062688
1089914  1062697
1089931  1062709
1089912  1062718
1089912  1062732
1090747  1062720
1089595  1062744
1089595  1089593
1089595  1089597
1089599  1062745
1089909  1062750
1089915  1062751
1090744  1062762
1090744  1062770
1090744  1090746
1090745  1062770
1088690  1062774
1088690  1062788
1088690  1088691
1089930  1062775
1089852  1062778
1089852  1089851
1089929  1062788
1089907  1062810
1089830  1062812
1089830  1089831
1089830  1089832
1088703  1062817
1088703  1088702
1088703  1088705
1088706  1062818
1088706  1089837
1088706  1089838
1088707  1062818
1089606  1062825
1089826  1062827
1089826  1063490
1089835  1062832
1089835  1089836
1089835  1089843
1088212  1062841
1089823  1062844
1089843  1062846
1089843  1089835
1088696  1062847
1088696  1088698
1088696  1088699
1088697  1062847
1088693  1062863
1088693  1062876
1088693  1088694
1088709  1062863
1088709  1088710
1088709  1088711
1088692  1062864
1088695  1062876
1090814  1062891
1088713  1062897
1088713  1088711
1088713  1088714
1088715  1062897
1090827  1062903
1090827  1090815
1090827  1090828
1090829  1062903
1090817  1062904
1090813  1062906
1088235  1062913
1088235  1088217
1088235  1090833
1090831  1062919
1088220  1062922
1088220  1063910
1088220  1088222
1088221  1062922
1090818  1062926
1088719  1062930
1088243  1062942
1088223  1062947
1088223  1088224
1088223  1088227
1088233  1062950
1088233  1063956
1088233  1063958
1088218  1062952
1088203  1062971
1088203  1062974
1088193  1062973
1088193  1062976
1088193  1063680
1088244  1062981
1088244  1063020
1088229  1062986
1088229  1088227
1088229  1088230
1088231  1062986
1088722  1062990
1088926  1062992
1088723  1063030
1088723  1063982
1088723  1088724
1088247  1063035
1088247  1063757
1088232  1063038
1088910  1063050
1088934  1063065
1088934  1063088
1088934  1088938
1088246  1063068
1088918  1063077
1088916  1063078
1088916  1088914
1088916  1088919
1088917  1063078
1088936  1063086
1088935  1063088
1088416  1063094
1088937  1063106
1088417  1063107
1088417  1063586
1088908  1063109
1088908  1063141
1088908  1088909
1088746  1063111
1088939  1063139
1088957  1063145
1088957  1063783
1088957  1090839
1088944  1063146
1088944  1088945
1088944  1088946
1090838  1063146
1088954  1063148
1088954  1088953
1088418  1063159
1088418  1063585
1088959  1063173
1088927  1063181
1088927  1063190
1088960  1063193
1088259  1063209
1088259  1063767
1088259  1088260
1088422  1063219
1088423  1063241
1088092  1063251
1088092  1088093
1088092  1088094
1088097  1063256
1088097  1063261
1088097  1063263
1088269  1063259
1088269  1088270
1088269  1088271
1088105  1063263
1088257  1063266
1088257  1063299
1088266  1063271
1088266  1063304
1088266  1088267
1088100  1063272
1088100  1088098
1088100  1088102
1088252  1063274
1088252  1063317
1088252  1088253
1088249  1063275
1088249  1063769
1088249  1088264
1088250  1063275
1088094  1063296
1088094  1088092
1088094  1088095
1088096  1063296
1088254  1063297
1088254  1063308
1088254  1088256
1088258  1063299
1088268  1063304
1088255  1063308
1088098  1063311
1088098  1088100
1088098  1088101
1088099  1063311
1090857  1063317
1088113  1063326
1088110  1063337
1088111  1063345
1088107  1063346
1088142  1063356
1088404  1063359
1088282  1063373
1088282  1063395
1088282  1088284
1088285  1063374
1088285  1084782
1088285  1088287
1088286  1063374
1088280  1063380
1088280  1088278
1088280  1088281
1088292  1063380
1088283  1063395
1088112  1063415
1089736  1063421
1089134  1063423
1089127  1063433
1089127  1089128
1089127  1089131
1089131  1063438
1089131  1089127
1089131  1089133
1089132  1063438
1089129  1063439
1089130  1063439
1089678  1063442
1089678  1079932
1089678  1085874
1089678  1089680
1089927  1063458
1089778  1063469
1089778  1085098
1089778  1089779
1089910  1063483
1089824  1063489
1089824  1063491
1089824  1089825
1089824  1089854
1089854  1063489
1089854  1085588
1089854  1089824
1089827  1063491
1089827  1089828
1089827  1089829
1089610  1063500
1088216  1063511
1088216  1090832
1088238  1063513
1088238  1088239
1088238  1088240
1089608  1063523
1088922  1063535
1088922  1064038
1088922  1088923
1088921  1063536
1088245  1063559
1088947  1063567
1088947  1088948
1088947  1088949
1090837  1063587
1088265  1063597
1088278  1063606
1088278  1088279
1088278  1088280
1088108  1063615
1088138  1063631
1088109  1063635
1088943  1063658
1088186  1063676
1089928  1063682
1089920  1063685
1089920  1063873
1089920  1089921
1089922  1063685
1089908  1063690
1088187  1063695
1088952  1063703
1088920  1063709
1088956  1063710
1088497  1063732
1088497  1084527
1088497  1088499
1088420  1063748
1088421  1063748
1088953  1063761
1088953  1088954
1088955  1063761
1088931  1063762
1088931  1088932
1088931  1088933
1088928  1063763
1088928  1088929
1088261  1063767
1088248  1063770
1088753  1063777
1088754  1063778
1088754  1066336
1088754  1088756
1088755  1063778
1088958  1063783
1088273  1063787
1088273  1088271
1088273  1088274
1088275  1063787
1088275  1088274
1088275  1088277
1090872  1063789
1089556  1063806
1089556  1086023
1089556  1089554
1088489  1063808
1089562  1063811
1089562  1089563
1089564  1063811
1090192  1063816
1090192  1090193
1090192  1090194
1089919  1063871
1089635  1063881
1090610  1063882
1090610  1089632
1090610  1090611
1090612  1063882
1089636  1063884
1090245  1063887
1090245  1080747
1090245  1090247
1090246  1063887
1089911  1063888
1089851  1063890
1089851  1089852
1089612  1063900
1089612  1064049
1089612  1089853
1089611  1063901
1089614  1063906
1088219  1063911
1088708  1063928
1089837  1063928
1089837  1088706
1089837  1089839
1089832  1063932
1089832  1089830
1089832  1089833
1089834  1063932
1090815  1063936
1090815  1090816
1090815  1090827
1090830  1063937
1090758  1063939
1088716  1063948
1088717  1063948
1088241  1063953
1088242  1063953
1088237  1063956
1088234  1063958
1088217  1063962
1088217  1088235
1088217  1088236
1089882  1063964
1089882  1089883
1089882  1089884
1089885  1063964
1088154  1063967
1088154  1066846
1088154  1088155
1090694  1063967
1088725  1063982
1090434  1064028
1090434  1064046
1089613  1064049
1090132  1064073
1088185  1064128
1089666  1064133
1089666  1064178
1089666  1089668
1088183  1064170
1088183  1072272
1088183  1088322
1088180  1064171
1088180  1088181
1088180  1088182
1089667  1064178
1089665  1064306
1088860  1064312
1088312  1064345
1088312  1064368
1088312  1088325
1090858  1064362
1090858  1090859
1090858  1090860
1088313  1064368
1088313  1064369
1088313  1088314
1088313  1090846
1090731  1064371
1088863  1064375
1088317  1064377
1088389  1064400
1088389  1065384
1089280  1064402
1089280  1064771
1089280  1089281
1089282  1064411
1089282  1087287
1089282  1089285
1089283  1064411
1089281  1064412
1089281  1064771
1089281  1089280
1089286  1064422
1088856  1064427
1088856  1088857
1088318  1064433
1089039  1064436
1089039  1065407
1089039  1089044
1089040  1064436
1088321  1064479
1088321  1088320
1090864  1064496
1088390  1064506
1088864  1064559
1088394  1064574
1088865  1064584
1088310  1064611
1088395  1064625
1090145  1064638
1090145  1064644
1090145  1090146
1088889  1064668
1088889  1088887
1088889  1088891
1088338  1064689
1090861  1064698
1090861  1090862
1088336  1064708
1088336  1072126
1088336  1072128
1088869  1064711
1088869  1064950
1088869  1088870
1088872  1064711
1088872  1088873
1088872  1088874
1088401  1064719
1088396  1064722
1088307  1064766
1088307  1088308
1088307  1088309
1088178  1064796
1090732  1064829
1088316  1064843
1089302  1064865
1089302  1064942
1089302  1064943
1089287  1064871
1088867  1064873
1088867  1064949
1088867  1090866
1088106  1064876
1090433  1064888
1088866  1064895
1088333  1064907
1088333  1088334
1088885  1064910
1088885  1088887
1088885  1088888
1088886  1064910
1088882  1064911
1088882  1072423
1088882  1088884
1088329  1064923
1088329  1088328
1088329  1088331
1090419  1064935
1090419  1065137
1090419  1090146
1088868  1064949
1088879  1064951
1088879  1064952
1088880  1064953
1088196  1064964
1088196  1088197
1088196  1088198
1088195  1064971
1090449  1064976
1090449  1090450
1088311  1065006
1088397  1065009
1088398  1065009
1088398  1088399
1088398  1088400
1090733  1065049
1088319  1065078
1088319  1088320
1088208  1065084
1090432  1065122
1090413  1065133
1088965  1065200
1088965  1065590
1088965  1088966
1090676  1065200
1088554  1065211
1088554  1088552
1088554  1088555
1088556  1065211
1088557  1065227
1088975  1065257
1088975  1088976
1088975  1088977
1088558  1065267
1088967  1065274
1088967  1088968
1088967  1088969
1088377  1065281
1088377  1088368
1088377  1088380
1088378  1065281
1089017  1065286
1089017  1089018
1089017  1089019
1089029  1065286
1089029  1088030
1089029  1089030
1088987  1065287
1088987  1088985
1088987  1088989
1088992  1065287
1088992  1088993
1088992  1088994
1088994  1065289
1088994  1088992
1088994  1088995
1088996  1065289
1090689  1065291
1088386  1065294
1088386  1088384
1088386  1088387
1088388  1065294
1088973  1065295
1088973  1065306
1088973  1089000
1088970  1065296
1088970  1088971
1088970  1088972
1088997  1065297
1088997  1088998
1088997  1088999
1089027  1065297
1089027  1087267
1089027  1090712
1088978  1065298
1088978  1088979
1088978  1088980
1090690  1065298
1089025  1065299
1089025  1089023
1089025  1089026
1090711  1065299
1088974  1065306
1088983  1065330
1088983  1065332
1088983  1088984
1090705  1065332
1089001  1065334
1089032  1065340
1089032  1065358
1089032  1089033
1090713  1065341
1089010  1065351
1089010  1065359
1089010  1089012
1089013  1065351
1089013  1090707
1089013  1090709
1089005  1065352
1089005  1089003
1089005  1089007
1089015  1065354
1089015  1089014
1089015  1090706
1089034  1065358
1089011  1065359
1090692  1065362
1089002  1065364
1089009  1065371
1089037  1065378
1089037  1065402
1089003  1065381
1089003  1089005
1089003  1089006
1089004  1065381
1089038  1065402
1089042  1065407
1089042  1065606
1089042  1089043
1090715  1065424
1089050  1065435
1090716  1065443
1089072  1065461
1089072  1089073
1089072  1089074
1089051  1065471
1090868  1065474
1088892  1065496
1088892  1088893
1088892  1088899
1088894  1065497
1088894  1088895
1088894  1088898
1089075  1065507
1089070  1065522
1089062  1065540
1089062  1089064
1089062  1089069
1089063  1065540
1088559  1065573
1088560  1065576
1088548  1065578
1088371  1065581
1088371  1088370
1088371  1088381
1088373  1065584
1088373  1088370
1088373  1088372
1088373  1088376
1090714  1065588
1089008  1065595
1089008  1090680
1089008  1090704
1089014  1065598
1089014  1089015
1089014  1089016
1089036  1065598
1089045  1065606
1089041  1065607
1090865  1065611
1088899  1065618
1088899  1088892
1088899  1088901
1088900  1065618
1088314  1065623
1088314  1088313
1088314  1088315
1089071  1065634
1090691  1065645
1088391  1065659
1088393  1065660
1090722  1065672
1090722  1089047
1089047  1065673
1089047  1090722
1089047  1090726
1089047  1090727
1090471  1065674
1090471  1090472
1089035  1065678
1088368  1065703
1088368  1088369
1088368  1088377
1088582  1065746
1088582  1066735
1088582  1088583
1088585  1065746
1088585  1065821
1088585  1088587
1089672  1065749
1089672  1071641
1089672  1090474
1089673  1065749
1088441  1065753
1088441  1071531
1088441  1088443
1088521  1065760
1088458  1065762
1089671  1065770
1089671  1071641
1088456  1065782
1088457  1065782
1089059  1065793
1089669  1065795
1088468  1065796
1089060  1065802
1088462  1065815
1088462  1065841
1088462  1088463
1088464  1065817
1088586  1065821
1088590  1065825
1090221  1065834
1090221  1090220
1090221  1090222
1090222  1065836
1090222  1090220
1090222  1090221
1088465  1065841
1088465  1088466
1088580  1065846
1088581  1065856
1089674  1065876
1088589  1065924
1088625  1065974
1088855  1066004
1088836  1066045
1088836  1088834
1088836  1088838
1088843  1066052
1088843  1066060
1088850  1066057
1088850  1088851
1088850  1088852
1088849  1066058
1088849  1088851
1088849  1088852
1088851  1066058
1088851  1088849
1088851  1088850
1088852  1066068
1088852  1088849
1088852  1088850
1088852  1088853
1088839  1066089
1088854  1066091
1088846  1066093
1088846  1066140
1088846  1088847
1088840  1066100
1088840  1066679
1088840  1088841
1088833  1066103
1088545  1066113
1088545  1088543
1088545  1088605
1088546  1066113
1088689  1066129
1088686  1066137
1088686  1066583
1088686  1088687
1088688  1066137
1088848  1066140
1088844  1066154
1088635  1066155
1088630  1066155
1088630  1066181
1088630  1088636
1088651  1066155
1088651  1088649
1088651  1088652
1088550  1066160
1088633  1066180
1088633  1088632
1088633  1090287
1088631  1066181
1088649  1066184
1088649  1088651
1088649  1088653
1088650  1066184
1088643  1066186
1088643  1088644
1088643  1088645
1088656  1066186
1088685  1066188
1088661  1066192
1088661  1088659
1088661  1088663
1090677  1066195
1090677  1066614
1088666  1066199
1088666  1066213
1088666  1088667
1090288  1066200
1090288  1090349
1090288  1090350
1090289  1066200
1088683  1066203
1088683  1066628
1088683  1090292
1088665  1066204
1088668  1066213
1088669  1066226
1088669  1088670
1088669  1088671
1088672  1066240
1088295  1066246
1088156  1066254
1088156  1066258
1088156  1088157
1088158  1066258
1088294  1066263
1088296  1066266
1088296  1066302
1088674  1066292
1088674  1088673
1088674  1088767
1088682  1066293
1088676  1066337
1088676  1088677
1088676  1088678
1088681  1066337
1089078  1066341
1088367  1066343
1090343  1066349
1090306  1066352
1088293  1066365
1088293  1066369
1088761  1066373
1088761  1087855
1088761  1088763
1090867  1066376
1088758  1066395
1088758  1088757
1088758  1090301
1090298  1066396
1090298  1090295
1090298  1090299
1090300  1066396
1088328  1066398
1088328  1088329
1088328  1088330
1088332  1066398
1090291  1066420
1090302  1066423
1088775  1066434
1088775  1088773
1088775  1090303
1088757  1066435
1088757  1088758
1088757  1088759
1088760  1066435
1088174  1066448
1088174  1073417
1088174  1088175
1088779  1066477
1088579  1066503
1088627  1066528
1088626  1066534
1088543  1066574
1088543  1088544
1088543  1088545
1088547  1066594
1088549  1066619
1088664  1066627
1088684  1066628
1088769  1066641
1088769  1088768
1088769  1090344
1090346  1066644
1090293  1066645
1090345  1066648
1088834  1066671
1088834  1088836
1088834  1088837
1088835  1066671
1088842  1066679
1088624  1066694
1088588  1066707
1088584  1066735
1090334  1066749
1089329  1066818
1090248  1066832
1090248  1082456
1090248  1090250
1090249  1066832
1090678  1066922
1090176  1067029
1090176  1069493
1088160  1067093
1088160  1067105
1088177  1067108
1088177  1067140
1088171  1067126
1088171  1067143
1088161  1067129
1088162  1067142
1088162  1067185
1088162  1088163
1088164  1067185
1088169  1067202
1088169  1088168
1088169  1088170
1088165  1067204
1088165  1067210
1088165  1088167
1088166  1067210
1090682  1067212
1088172  1067219
1088172  1073418
1088172  1088173
1090687  1067222
1090685  1067241
1089986  1067346
1089987  1067346
1089987  1089988
1089987  1090241
1090683  1067407
1090361  1067489
1090096  1067510
1090097  1067510
1090094  1067511
1090095  1067511
1090031  1067676
1090031  1085072
1090031  1090033
1090032  1067677
1090032  1085072
1090032  1090035
1090158  1067701
1090158  1090161
1090158  1090166
1090164  1067703
1090164  1067704
1090164  1090160
1090162  1067704
1090162  1090166
1090159  1067705
1090159  1067706
1090159  1090160
1090161  1067706
1090161  1067707
1090161  1090158
1090166  1067707
1090166  1090158
1090166  1090162
1090463  1067747
1090463  1073197
1090234  1067752
1090335  1067946
1090342  1067950
1090342  1068133
1090342  1085531
1090282  1067992
1090141  1068055
1090141  1068220
1090341  1068093
1090111  1068132
1090111  1068734
1090473  1068182
1089873  1068229
1089873  1085457
1089873  1089874
1089875  1068229
1088964  1068495
1089941  1068510
1088963  1068555
1090125  1068713
1090283  1068809
1090090  1068840
1090254  1069172
1090254  1085198
1090254  1090414
1090251  1069174
1090251  1085208
1090251  1090252
1089961  1069248
1089961  1089962
1089961  1090337
1090055  1069254
1090055  1069261
1090055  1090056
1090257  1069341
1090257  1069350
1090256  1069348
1090255  1069350
1090255  1081939
1090255  1082030
1090233  1069393
1090175  1069493
1090040  1069534
1090040  1090039
1090040  1090042
1090235  1069686
1090235  1069696
1090093  1069792
1090092  1069794
1089968  1069931
1089968  1069932
1089968  1069937
1089968  1070032
1090462  1069971
1090462  1073130
1090462  1087304
1089972  1069982
1089972  1083274
1089972  1089973
1089969  1069999
1089969  1070021
1089969  1086684
1089970  1070021
1089971  1070024
1089971  1070035
1089971  1070036
1089965  1070042
1089967  1070049
1089966  1070056
1090098  1070212
1089989  1070240
1090424  1070314
1090324  1070357
1090231  1070362
1089991  1070386
1089990  1070387
1089689  1070444
1089690  1070447
1089691  1070447
1089692  1070448
1089692  1070727
1089692  1089693
1089949  1070449
1089900  1070491
1089892  1070508
1089893  1070521
1090148  1070526
1089903  1070528
1089903  1070533
1089903  1089906
1089904  1070533
1089905  1070553
1089898  1070559
1089898  1070563
1089951  1070573
1089951  1089953
1089951  1089954
1089952  1070573
1089958  1070575
1089958  1070580
1089876  1070582
1089878  1070584
1089956  1070587
1089956  1086171
1089956  1089957
1089960  1070587
1089953  1070592
1089953  1089951
1089953  1089955
1089950  1070607
1089707  1070614
1089718  1070620
1089714  1070624
1089714  1089715
1089714  1089716
1089717  1070624
1089886  1070639
1089698  1070731
1089144  1070742
1089144  1086149
1089144  1089145
1089142  1070744
1089138  1070773
1089138  1089136
1089138  1089140
1089747  1070774
1089747  1089748
1089747  1089749
1089741  1070776
1089741  1083848
1089741  1089772
1089742  1070776
1089746  1070777
1089700  1070778
1089695  1070780
1089695  1070781
1089695  1089696
1089697  1070780
1089702  1070785
1089701  1070788
1089933  1070794
1089699  1070802
1090470  1070819
1090470  1083635
1089936  1070830
1089935  1070831
1089935  1089934
1089935  1089938
1089937  1070832
1089939  1070834
1089934  1070835
1089934  1089935
1089703  1070846
1089143  1070848
1089147  1070881
1089704  1070886
1089704  1070889
1089704  1089706
1089705  1070886
1089158  1070898
1089146  1070920
1090112  1071112
1089232  1071121
1089232  1089233
1089232  1089545
1089548  1071121
1089548  1089549
1089548  1089550
1089228  1071137
1089228  1071139
1089150  1071141
1089149  1071143
1089230  1071152
1089116  1071164
1089116  1089117
1089116  1089118
1090266  1071168
1089115  1071177
1089120  1071178
1089084  1071195
1089084  1071196
1089084  1084829
1089084  1089085
1089086  1071196
1089087  1071196
1089345  1071208
1089345  1089342
1089097  1071211
1089344  1071223
1089346  1071224
1089089  1071233
1089083  1071241
1089083  1071244
1089083  1089096
1089096  1071242
1089096  1089083
1089096  1090500
1089085  1071243
1089085  1084829
1089085  1089084
1089099  1071262
1089099  1071266
1089193  1071264
1089098  1071267
1089194  1071269
1089195  1071271
1090362  1071272
1090362  1071276
1090362  1071280
1090362  1090501
1090363  1071282
1089330  1071284
1089331  1071289
1090511  1071296
1089175  1071318
1088471  1071331
1088471  1084579
1088471  1088473
1090523  1071368
1089174  1071371
1089332  1071373
1089332  1071374
1089177  1071376
1089334  1071379
1089334  1089335
1089334  1089336
1089333  1071381
1089336  1071382
1089336  1089334
1089336  1089337
1089338  1071382
1089339  1071387
1089319  1071388
1089319  1081631
1089319  1089318
1090448  1071401
1089340  1071407
1089340  1071454
1088453  1071430
1088454  1071432
1090477  1071439
1088591  1071460
1088424  1071462
1088434  1071483
1088434  1071496
1088434  1088436
1088435  1071483
1090105  1071487
1090105  1090106
1090105  1090107
1090106  1071487
1090106  1090105
1090106  1090108
1088592  1071493
1088592  1088593
1088592  1088594
1090512  1071493
1090520  1071502
1088438  1071504
1088455  1071505
1088437  1071512
1088439  1071516
1088429  1071521
1088429  1088430
1088429  1088431
1090513  1071521
1088428  1071522
1088445  1071524
1088442  1071531
1088593  1071540
1088593  1088592
1088593  1088595
1088425  1071546
1088426  1071549
1088426  1071562
1088427  1071552
1088432  1071559
1088432  1088430
1088432  1088433
1090521  1071560
1090521  1090522
1088446  1071562
1088604  1071577
1088449  1071582
1088449  1088450
1088449  1088451
1088452  1071582
1088596  1071594
1088603  1071600
1088600  1071628
1088600  1071631
1088600  1088602
1088601  1071628
1088578  1071632
1089670  1071638
1088597  1071663
1088597  1071664
1088597  1088599
1088598  1071663
1088576  1071666
1088577  1071669
1090451  1071847
1090875  1071925
1090494  1071926
1090494  1090495
1090494  1090498
1090874  1071927
1090877  1071994
1088139  1072008
1088139  1088140
1088139  1088141
1088137  1072016
1088130  1072054
1088120  1072059
1088114  1072065
1088115  1072074
1088405  1072075
1088406  1072075
1088118  1072077
1088116  1072082
1088116  1084672
1088116  1088119
1088117  1072082
1088444  1072092
1088402  1072099
1088402  1088403
1088402  1088407
1088407  1072100
1088407  1088402
1088407  1088409
1088408  1072100
1088410  1072106
1088341  1072114
1088343  1072119
1088339  1072126
1088337  1072128
1088340  1072130
1088348  1072132
1088351  1072141
1088351  1088349
1088351  1088355
1088352  1072141
1088352  1088353
1088352  1088354
1090207  1072202
1090207  1072209
1090207  1090208
1088184  1072272
1090209  1072323
1090209  1072324
1088907  1072385
1088883  1072423
1088904  1072427
1088903  1072431
1088906  1072435
1088881  1072441
1088902  1072442
1088359  1072475
1088364  1072482
1088360  1072492
1088361  1072509
1088365  1072510
1088362  1072511
1090499  1072688
1090873  1072701
1088133  1072745
1088133  1088134
1088133  1088135
1088136  1072745
1088122  1072769
1088122  1084840
1088122  1088127
1088131  1072773
1088132  1072781
1088411  1072799
1088412  1072800
1088415  1072803
1090420  1072810
1090420  1079082
1088342  1072816
1088344  1072827
1088414  1072841
1088345  1072842
1088345  1088346
1088345  1088347
1088357  1072842
1088358  1072848
1088346  1072855
1088346  1084696
1088346  1088345
1088356  1072855
1090878  1072860
1090133  1072918
1090321  1072949
1088363  1073042
1089054  1073057
1089054  1073086
1089054  1089055
1089056  1073057
1088366  1073064
1089077  1073073
1089052  1073085
1089053  1073085
1090870  1073093
1090869  1073098
1089061  1073134
1089066  1073143
1089066  1089067
1088832  1073164
1088799  1073170
1088800  1073183
1088800  1088801
1088800  1088802
1088810  1073205
1088796  1073209
1088796  1090719
1088796  1090720
1088797  1073209
1088818  1073218
1088818  1087955
1088818  1088813
1088820  1073218
1090719  1073229
1090719  1088796
1090719  1090721
1088798  1073234
1088821  1073238
1090317  1073240
1090443  1073245
1090443  1090444
1090443  1090446
1088828  1073280
1090076  1073284
1090077  1073284
1090077  1090078
1090077  1090079
1088827  1073292
1088822  1073300
1088822  1088824
1088822  1088825
1088823  1073300
1088777  1073305
1088824  1073312
1088824  1088822
1088824  1088826
1090702  1073322
1088780  1073328
1088780  1088784
1088780  1088785
1088781  1073328
1088781  1088782
1088781  1088783
1090909  1073342
1090311  1073344
1090311  1090312
1090311  1090313
1090316  1073344
1090308  1073346
1088786  1073353
1088786  1090717
1088793  1073354
1088793  1088791
1088793  1090718
1088176  1073418
1090767  1073532
1090779  1073533
1090761  1073539
1090761  1073586
1090761  1090770
1090766  1073539
1090771  1073586
1090038  1073590
1088807  1073652
1088807  1073656
1088807  1088809
1088808  1073652
1088803  1073657
1088803  1088804
1088803  1088805
1088806  1073657
1088816  1073664
1088812  1073669
1088812  1088811
1088812  1088817
1088829  1073691
1088829  1088830
1088829  1088831
1088795  1073706
1090220  1073776
1090220  1090221
1090220  1090222
1090880  1073849
1090881  1073849
1090696  1073865
1090696  1073882
1090696  1090698
1090697  1073865
1090001  1073875
1090004  1073875
1090789  1073877
1090883  1073898
1090884  1073900
1090259  1073924
1090259  1073928
1090259  1090260
1090467  1073928
1090467  1090464
1090467  1090466
1090464  1073953
1090464  1090465
1090464  1090467
1090468  1073956
1090468  1073963
1090919  1073973
1090258  1073973
1090258  1073974
1090428  1073985
1090174  1074054
1089940  1074134
1090190  1074235
1090198  1074290
1090200  1074314
1090200  1074565
1090195  1074315
1090195  1090196
1090195  1090197
1090199  1074347
1090199  1074350
1090376  1074507
1090376  1086531
1090376  1090402
1090406  1074507
1090606  1074523
1090607  1074533
1090140  1074625
1090489  1074661
1090490  1074666
1090126  1074881
1090126  1074887
1090121  1074926
1089863  1075141
1089863  1075145
1089863  1089864
1089865  1075145
1089871  1075146
1089861  1075160
1089822  1075170
1090191  1075206
1090394  1075219
1090394  1090393
1090394  1090401
1090492  1075256
1090491  1075290
1090491  1075292
1090491  1075302
1090640  1075463
1090143  1075513
1090144  1075513
1090269  1075665
1090099  1075681
1090099  1087293
1089984  1075723
1090109  1075758
1090437  1075838
1090437  1090441
1090437  1090442
1090441  1075852
1090441  1090437
1090441  1090440
1090037  1075987
1090171  1076032
1090138  1076073
1090138  1086516
1090138  1086517
1090493  1076185
1090493  1076187
1090493  1090496
1090131  1076213
1090783  1076290
1090496  1076483
1090496  1090493
1090128  1076546
1090128  1086880
1090128  1090129
1090130  1076546
1090030  1076570
1090421  1076636
1090497  1076790
1090497  1085046
1090074  1076821
1090074  1076822
1090074  1084956
1090075  1076822
1090075  1076851
1090073  1076863
1090029  1077169
1090478  1077239
1090134  1077532
1090134  1090135
1090136  1077547
1090136  1090135
1090136  1090137
1090188  1077798
1090243  1077803
1090270  1078112
1090036  1078739
1090403  1078785
1090404  1078785
1090417  1078805
1090116  1079110
1090071  1079298
1090072  1079298
1090127  1079417
1090244  1079454
1089722  1079541
1089850  1079673
1090157  1079688
1089618  1079711
1089621  1079716
1089615  1079748
1089615  1079751
1089615  1089655
1089616  1079751
1089643  1079754
1089643  1089641
1089643  1089644
1089645  1079754
1089641  1079755
1089641  1089642
1089641  1089643
1089639  1079774
1090645  1079779
1090645  1079822
1089646  1079783
1089646  1079784
1089646  1089650
1089647  1079783
1089647  1089648
1089647  1089649
1089651  1079785
1089651  1089653
1089651  1089654
1089652  1079785
1089640  1079787
1089617  1079818
1090646  1079822
1090664  1079823
1089625  1079825
1089653  1079825
1089653  1089651
1089653  1090608
1089622  1079828
1089622  1089623
1089622  1089624
1089656  1079829
1089626  1079831
1089626  1089627
1089626  1089628
1089658  1079832
1089658  1079840
1089658  1089660
1089659  1079832
1089629  1079833
1089629  1079842
1089629  1089630
1089657  1079834
1089631  1079842
1090635  1079850
1089916  1079851
1089681  1079865
1089681  1080178
1089681  1089682
1089687  1079865
1090616  1079866
1089686  1079867
1089609  1079870
1090242  1079902
1089679  1079932
1089677  1079934
1090613  1079936
1090186  1079984
1090187  1079998
1090064  1080136
1090064  1086066
1090064  1090065
1089685  1080176
1089683  1080181
1089593  1080183
1089593  1089595
1089593  1089596
1089594  1080183
1089598  1080185
1089684  1080186
1089591  1080189
1089591  1080224
1089591  1089592
1090617  1080189
1090615  1080195
1090151  1080217
1090151  1082680
1090151  1090153
1089604  1080233
1089604  1089601
1089604  1089607
1089605  1080233
1089602  1080235
1089602  1089601
1089602  1089603
1089426  1080246
1090886  1080252
1090886  1090887
1090886  1090888
1090889  1080253
1089496  1080316
1089489  1080338
1089490  1080343
1089490  1080344
1089490  1089491
1089471  1080348
1089494  1080356
1089495  1080356
1090740  1080392
1090740  1080394
1090740  1090741
1090742  1080394
1090626  1080397
1090626  1090625
1090626  1090627
1090632  1080400
1090632  1090624
1090632  1090629
1090632  1090633
1090743  1080402
1090628  1080406
1090628  1084710
1090628  1090623
1090628  1090631
1090625  1080406
1090625  1090626
1090631  1080406
1090631  1090628
1090631  1090630
1090633  1080422
1090633  1090632
1090633  1090634
1089587  1080432
1089582  1080433
1089582  1089583
1089582  1089586
1089588  1080445
1089589  1080445
1088210  1080464
1088211  1080464
1088199  1080475
1088199  1088200
1088199  1088205
1088202  1080480
1088192  1080484
1088188  1080489
1088188  1088037
1088188  1088189
1090834  1080491
1090834  1088036
1090834  1090835
1090835  1080491
1090835  1090834
1090835  1090836
1088191  1080507
1090736  1080511
1090117  1080583
1090118  1080583
1090355  1080648
1090355  1090357
1090355  1090358
1090355  1090360
1090068  1080714
1090068  1080804
1090068  1090069
1090070  1080714
1089372  1080909
1089373  1080935
1089373  1080972
1089373  1089374
1089378  1080935
1089590  1080950
1089384  1080962
1089389  1080965
1089389  1081006
1089389  1089390
1089478  1080965
1089375  1080973
1089375  1080974
1089375  1089377
1089376  1080973
1089371  1080975
1089370  1080983
1089355  1080989
1089355  1087203
1089355  1089356
1089357  1080989
1089358  1080991
1089381  1080993
1089381  1089379
1089381  1089382
1089383  1080993
1089369  1081001
1089353  1081003
1089473  1081009
1089473  1081016
1089473  1089472
1089473  1089474
1089387  1081013
1089387  1089385
1089387  1089388
1090620  1081013
1089477  1081014
1089476  1081016
1089472  1081029
1089472  1089473
1089472  1089475
1089475  1081030
1089475  1089472
1089475  1089485
1090453  1081070
1090453  1085020
1090453  1090461
1090452  1081146
1090452  1081149
1090452  1081152
1090452  1085020
1090201  1081161
1090201  1090232
1090272  1081166
1090271  1081174
1090228  1081197
1090228  1085027
1090228  1090226
1090228  1090229
1090091  1081265
1090619  1081271
1089318  1081275
1089318  1086842
1089318  1089319
1089637  1081276
1089637  1081285
1089637  1089638
1090642  1081276
1089351  1081279
1089352  1081284
1089360  1081286
1089354  1081288
1089361  1081291
1089361  1081344
1089361  1089363
1089362  1081291
1089359  1081297
1089367  1081300
1089364  1081315
1089364  1089365
1089364  1089366
1089275  1081316
1089272  1081326
1089272  1081333
1089272  1089274
1090671  1081327
1089273  1081333
1090525  1081341
1089258  1081349
1089350  1081359
1089257  1081364
1089256  1081367
1089261  1081391
1088298  1081400
1090643  1081414
1090643  1090644
1090643  1090647
1088151  1081422
1088151  1088149
1088151  1088150
1088152  1081422
1088152  1081424
1088152  1088150
1088144  1081438
1088144  1081440
1088144  1088143
1089480  1081441
1089480  1089481
1089480  1089482
1089482  1081442
1089482  1089480
1089482  1089483
1089484  1081442
1089487  1081443
1089488  1081456
1089661  1081467
1089661  1081468
1089661  1089662
1089664  1081467
1090454  1081493
1090454  1081494
1090454  1090458
1090455  1081494
1090455  1090456
1090455  1090457
1088561  1081523
1088301  1081526
1088300  1081529
1088297  1081530
1088297  1081560
1088297  1088299
1088302  1081532
1088302  1087977
1088302  1088304
1088303  1081532
1089259  1081541
1090659  1081542
1090659  1090655
1090659  1090661
1090648  1081543
1090648  1090649
1090648  1090650
1090657  1081543
1090658  1081543
1089262  1081546
1089262  1089269
1089262  1090663
1089263  1081546
1089263  1089264
1089263  1089265
1089266  1081547
1089266  1089267
1089266  1089268
1089270  1081548
1089270  1089269
1089270  1090662
1089260  1081551
1090669  1081558
1090670  1081560
1090672  1081563
1090636  1081565
1090636  1090639
1090639  1081565
1090639  1081568
1090639  1090636
1088621  1081582
1088621  1081584
1088621  1088623
1088622  1081584
1090673  1081589
1090673  1081595
1090673  1090674
1090674  1081589
1090674  1090673
1089324  1081611
1089324  1081612
1089324  1089328
1089325  1081611
1089325  1089326
1089325  1089327
1089321  1081618
1089321  1089322
1089321  1089323
1088606  1081665
1088606  1081716
1088606  1088607
1088608  1081665
1088616  1081669
1088616  1088613
1088616  1088617
1088620  1081669
1090665  1081677
1090665  1081679
1090665  1086315
1088609  1081682
1088609  1088610
1088609  1088611
1090668  1081683
1089315  1081690
1089315  1081696
1089315  1089317
1089316  1081690
1089308  1081695
1089312  1081698
1089312  1089313
1089312  1089314
1089309  1081699
1089309  1081702
1089309  1089311
1089310  1081702
1089288  1081708
1089293  1081710
1088532  1081718
1089298  1081743
1089298  1081778
1089298  1089296
1088525  1081747
1088459  1081759
1088460  1081763
1088461  1081763
1089295  1081778
1089295  1089294
1089295  1089296
1090365  1081783
1088306  1081787
1088305  1081791
1089942  1081806
1089943  1081807
1089945  1081812
1089946  1081820
1088533  1081844
1088534  1081845
1090667  1081849
1088962  1081854
1088961  1081856
1088535  1081859
1088535  1088536
1088535  1088540
1088552  1081861
1088552  1088553
1088552  1088554
1088628  1081862
1088628  1081870
1088628  1089299
1088629  1081867
1088537  1081872
1088537  1088538
1088537  1088539
1090333  1081872
1088551  1081874
1090469  1081882
1090179  1081892
1090429  1081932
1090142  1081959
1090905  1082190
1090906  1082191
1090156  1082216
1090156  1084072
1090156  1089101
1090372  1082382
1090372  1086111
1090372  1090374
1090377  1082382
1090377  1090378
1090377  1090379
1090268  1082389
1088419  1082439
1090263  1082440
1090263  1090265
1090263  1090366
1090264  1082440
1090898  1082448
1090898  1084410
1090898  1090900
1090899  1082448
1090262  1082547
1090422  1082623
1090204  1082647
1090202  1082648
1090203  1082648
1090436  1082651
1090205  1082674
1090206  1082679
1090152  1082680
1090261  1082948
1090172  1083155
1090173  1083158
1090163  1083167
1090167  1083167
1090167  1090168
1090167  1090169
1089721  1083181
1089720  1083203
1090279  1083221
1090279  1090322
1090279  1090323
1089733  1083232
1089733  1083241
1089733  1089735
1089734  1083232
1089729  1083236
1089729  1089731
1089729  1089732
1089730  1083236
1089728  1083239
1090230  1083253
1089738  1083262
1089890  1083269
1089890  1083273
1089890  1089974
1089975  1083272
1089975  1089977
1089975  1089978
1089976  1083272
1089511  1083276
1089511  1089509
1089511  1089527
1089981  1083288
1089981  1083295
1089981  1089983
1089982  1083288
1089464  1083294
1089464  1085499
1089464  1089465
1089466  1083294
1090210  1083399
1090210  1083418
1090210  1090211
1090218  1083412
1090218  1083472
1090212  1083417
1090212  1083493
1090212  1090213
1090213  1083417
1090213  1083420
1090213  1090212
1090211  1083418
1090211  1083493
1090211  1083500
1090211  1090210
1090215  1083556
1090215  1083562
1090215  1090216
1090214  1083559
1090217  1083577
1090184  1083675
1090184  1090183
1090184  1090189
1090183  1083710
1090183  1090184
1090183  1090185
1089348  1083803
1089349  1083820
1089719  1083833
1089963  1083835
1089513  1083836
1089513  1085101
1089513  1089780
1089964  1083839
1089770  1083841
1089773  1083843
1089773  1083845
1089773  1089774
1089775  1083843
1089793  1083846
1089793  1089794
1089793  1089795
1089737  1083847
1089771  1083850
1089782  1083853
1089740  1083865
1089739  1083870
1089503  1083874
1089515  1083876
1089515  1083881
1089515  1089516
1089504  1083877
1089505  1083877
1089505  1089506
1089505  1089507
1089514  1083878
1090330  1083883
1090330  1083889
1090330  1090329
1090331  1083883
1090331  1089891
1090331  1090332
1090329  1083884
1090329  1083889
1090329  1090330
1089891  1083888
1089891  1090331
1089508  1083890
1090332  1083891
1090332  1090331
1089509  1083893
1089509  1089511
1089509  1089512
1089510  1083893
1089526  1083894
1089517  1083895
1089517  1089518
1089517  1089519
1089524  1083897
1089785  1083901
1089785  1085105
1089785  1089786
1089787  1083909
1089787  1089797
1089519  1083910
1089519  1089517
1089519  1089525
1089520  1083910
1089521  1083913
1089521  1083926
1089521  1089523
1089501  1083914
1089467  1083919
1089819  1083923
1089815  1083925
1089815  1083929
1089815  1089817
1089816  1083925
1089522  1083926
1089813  1083930
1089796  1083938
1089159  1083940
1089159  1083946
1089857  1083941
1089857  1083943
1089784  1083951
1089783  1083955
1089153  1083956
1089161  1083958
1089161  1086255
1089162  1083958
1089156  1083964
1089156  1083965
1089156  1089530
1089157  1083964
1090227  1083965
1089498  1083966
1089498  1089499
1089498  1089529
1089528  1083966
1089154  1083967
1089154  1084035
1089154  1089497
1089155  1083967
1090481  1083968
1089818  1083969
1090426  1083970
1090426  1084949
1090426  1084950
1089808  1083974
1089808  1083983
1089808  1089809
1089810  1083974
1089419  1083977
1089499  1083984
1089499  1089498
1089499  1089502
1089743  1083990
1089744  1083991
1089745  1083991
1089126  1083999
1089110  1084005
1089229  1084007
1090354  1084011
1089111  1084016
1089111  1084144
1089111  1089113
1089114  1084022
1089148  1084023
1089163  1084027
1089164  1084029
1089171  1084052
1089171  1089172
1089171  1089173
1089165  1084059
1089165  1086265
1089165  1089168
1089101  1084061
1089101  1084149
1089101  1090156
1089102  1084061
1089102  1084072
1089102  1089103
1089151  1084062
1089166  1084064
1089166  1089167
1089166  1089169
1089168  1084064
1089168  1089165
1089168  1089169
1089108  1084065
1089107  1084068
1089100  1084069
1089152  1084071
1089167  1084080
1089167  1089166
1089167  1090328
1090328  1084105
1090328  1089167
1090328  1090327
1089104  1084107
1089106  1084109
1089811  1084118
1089811  1086218
1089811  1089814
1089812  1084118
1089821  1084120
1089805  1084123
1089222  1084129
1089804  1084131
1089220  1084134
1089221  1084134
1089223  1084135
1089223  1089197
1089223  1089224
1089197  1084137
1089197  1089223
1089197  1089225
1089198  1084137
1089112  1084144
1090276  1084148
1090277  1084148
1089125  1084150
1089119  1084152
1090416  1084153
1089105  1084164
1089082  1084167
1089079  1084174
1089079  1084176
1089079  1089081
1089121  1084175
1089121  1089122
1089121  1089123
1089080  1084176
1089092  1084180
1089092  1089093
1089092  1089094
1089095  1084180
1089095  1089094
1089093  1084186
1089093  1089092
1089093  1089820
1089090  1084188
1089090  1089091
1089091  1084189
1089091  1089090
1089088  1084190
1090502  1084201
1089347  1084206
1089347  1084208
1089347  1084210
1089196  1084212
1089201  1084215
1089201  1089199
1089201  1089203
1089341  1084222
1089199  1084224
1089199  1089201
1089199  1089202
1089200  1084224
1089342  1084225
1089342  1089345
1089343  1084225
1089409  1084278
1089409  1084288
1089409  1089410
1089468  1084282
1089408  1084284
1089406  1084287
1089406  1085491
1089406  1089407
1089415  1084287
1089411  1084288
1089411  1089412
1089411  1089413
1089394  1084290
1089394  1084384
1089394  1089395
1089414  1084291
1089276  1084306
1089276  1086010
1089276  1089277
1089447  1084317
1089444  1084326
1089444  1089442
1089444  1089445
1089446  1084326
1089279  1084341
1089243  1084361
1089243  1084370
1089243  1089252
1089244  1084361
1089278  1084365
1089242  1084366
1089231  1084367
1089254  1084373
1088153  1084374
1089250  1084376
1089250  1084380
1089250  1089253
1089251  1084376
1089255  1084379
1089461  1084382
1089461  1089460
1089417  1084383
1089399  1084383
1089399  1089398
1089399  1089418
1089416  1084384
1089393  1084387
1089403  1084389
1089403  1089401
1089403  1089404
1089405  1084389
1089448  1084390
1089435  1084391
1089435  1089436
1089435  1089437
1089434  1084392
1089396  1084393
1089391  1084394
1089216  1084401
1089216  1084404
1089216  1089217
1089218  1084404
1089214  1084405
1089214  1084414
1089214  1089215
1089219  1084405
1090894  1084410
1090894  1090901
1090894  1090902
1090894  1090903
1089392  1084411
1089392  1084413
1089449  1084411
1089449  1089428
1089449  1089450
1089432  1084416
1089432  1089427
1089432  1089453
1089433  1084416
1089456  1084417
1089456  1084424
1089456  1089458
1089457  1084417
1090505  1084418
1089455  1084419
1089500  1084421
1089500  1089531
1089500  1089532
1089454  1084425
1088482  1084429
1088482  1088483
1088482  1089565
1089141  1084430
1089438  1084433
1089438  1089439
1089438  1089442
1089239  1084435
1089239  1084437
1089239  1089240
1089550  1084436
1089550  1089548
1089550  1089551
1089552  1084436
1090515  1084437
1089245  1084439
1089245  1089246
1089245  1089247
1089249  1084440
1089247  1084441
1089247  1089245
1089247  1089248
1090518  1084441
1089227  1084443
1089553  1084444
1089577  1084447
1089577  1089574
1089577  1089578
1089579  1084447
1089574  1084452
1089574  1089576
1089574  1089577
1089575  1084455
1089303  1084468
1089303  1089304
1089303  1089305
1089320  1084469
1089463  1084477
1090504  1084491
1089212  1084495
1089226  1084499
1089181  1084501
1089181  1089180
1089181  1090506
1089213  1084502
1089208  1084506
1089204  1084512
1089204  1089206
1089204  1089207
1089205  1084512
1089206  1084514
1089206  1089204
1089206  1090508
1088480  1084515
1088480  1084576
1088480  1089192
1088481  1084515
1088486  1084516
1088496  1084517
1088504  1084523
1088504  1088502
1088504  1090519
1088498  1084527
1088502  1084532
1088502  1088504
1088502  1088505
1088503  1084532
1089209  1084533
1089209  1084538
1089209  1084539
1089209  1089210
1089210  1084534
1089210  1084538
1089210  1089209
1089210  1090325
1088494  1084535
1088494  1084540
1088494  1088495
1088501  1084535
1088501  1086587
1088476  1084542
1088507  1084544
1088507  1084551
1088507  1088508
1088514  1084546
1088514  1088508
1088514  1088515
1088516  1084546
1088490  1084547
1088490  1088491
1088490  1088492
1088500  1084547
1090514  1084547
1088510  1084555
1088510  1088511
1088510  1088512
1088510  1088519
1090509  1084560
1088477  1084561
1088477  1084581
1088477  1088479
1088469  1084562
1088470  1084562
1089184  1084570
1089184  1089180
1089184  1089185
1089182  1084570
1089182  1089180
1089182  1089183
1090507  1084571
1088474  1084574
1088474  1088475
1088474  1089189
1089186  1084577
1089186  1089187
1089186  1089188
1090510  1084577
1088472  1084579
1088512  1084580
1088512  1088510
1088512  1088513
1088518  1084580
1088518  1088517
1088478  1084581
1088517  1084588
1088517  1084589
1088517  1088518
1088522  1084588
1088520  1084591
1089306  1084596
1089307  1084599
1088524  1084607
1088523  1084610
1089959  1084626
1089160  1084639
1089680  1084644
1089680  1089678
1089241  1084647
1088121  1084669
1088129  1084673
1090876  1084677
1088413  1084679
1090318  1084695
1090318  1090319
1090318  1090320
1088349  1084696
1088349  1088350
1088349  1088351
1090700  1084701
1090623  1084710
1090623  1090624
1090623  1090628
1090048  1084716
1090048  1090049
1088859  1084718
1088859  1088858
1088859  1090729
1088859  1090730
1088778  1084750
1090180  1084773
1090181  1084773
1088288  1084783
1089064  1084787
1089064  1089062
1089064  1089065
1090908  1084794
1090916  1084796
1090801  1084816
1088123  1084840
1088123  1088124
1088123  1088125
1088905  1084849
1090425  1084877
1088204  1084915
1090410  1084959
1090135  1084978
1090135  1090134
1090135  1090136
1090182  1085004
1090226  1085027
1090226  1085989
1090226  1090228
1090223  1085028
1090224  1085028
1089049  1085037
1090033  1085072
1090033  1090031
1090033  1090034
1090219  1085090
1088771  1085093
1088771  1088773
1088771  1088774
1088772  1085093
1090089  1085105
1090550  1085118
1090550  1090551
1090550  1090552
1090418  1085144
1090119  1085160
1090119  1085161
1090119  1090120
1089057  1085178
1090253  1085208
1090267  1085224
1090427  1085256
1090542  1085307
1090005  1085312
1090010  1085329
1090010  1090011
1090010  1090012
1090412  1085338
1090768  1085345
1090778  1085346
1089862  1085360
1090904  1085365
1090907  1085366
1090910  1085367
1090895  1085369
1090896  1085370
1090482  1085484
1089397  1085490
1089776  1085520
1089777  1085520
1089724  1085523
1089727  1085526
1089723  1085532
1089725  1085533
1089726  1085533
1089781  1085534
1088745  1085546
1090819  1085546
1090800  1085568
1088727  1085571
1088562  1085576
1090822  1085577
1090822  1085578
1088721  1085581
1089844  1085595
1089846  1085619
1089847  1085619
1089847  1085620
1089847  1089848
1089849  1085620
1089917  1085640
1089918  1085640
1090411  1085727
1088262  1085785
1088263  1085785
1088251  1085793
1090614  1085803
1088749  1085812
1088747  1085817
1088750  1085818
1089379  1085829
1089379  1089380
1089379  1089381
1090618  1085834
1089470  1085837
1089469  1085840
1089486  1085846
1089385  1085852
1089385  1089386
1089385  1089387
1089479  1085857
1089675  1085872
1089676  1085872
1089601  1085880
1089601  1089602
1089601  1089604
1089600  1085881
1088201  1085890
1088205  1085892
1088205  1088199
1088205  1088207
1088206  1085892
1088209  1085893
1088143  1085899
1088143  1088144
1088143  1088145
1088213  1085907
1088213  1085908
1088213  1088215
1088214  1085908
1090067  1085922
1089048  1086004
1090516  1086011
1090517  1086011
1089568  1086016
1089554  1086017
1089554  1089556
1089554  1089557
1089555  1086017
1089580  1086018
1089581  1086018
1089571  1086019
1089571  1089569
1089573  1086023
1088491  1086024
1088491  1088490
1088491  1088493
1088487  1086027
1088488  1086027
1089565  1086028
1089565  1088482
1089565  1089567
1089566  1086028
1089459  1086034
1089980  1086083
1089977  1086089
1089977  1089975
1089977  1089979
1090917  1086098
1090238  1086109
1090238  1090239
1090238  1090240
1090373  1086111
1090375  1086111
1089894  1086118
1089894  1086119
1089894  1086145
1089896  1086119
1089897  1086119
1089710  1086123
1089711  1086123
1089708  1086125
1089709  1086125
1089712  1086129
1089713  1086129
1089895  1086145
1089901  1086169
1089902  1086169
1089879  1086176
1089879  1086182
1089879  1089881
1089880  1086176
1089888  1086190
1089889  1086190
1089769  1086199
1089797  1086216
1089797  1089787
1089798  1086216
1089803  1086219
1089420  1086221
1089420  1089421
1089423  1086222
1089421  1086222
1089421  1089420
1089421  1089422
1089806  1086226
1089807  1086226
1089460  1086229
1089460  1089461
1089460  1089462
1089425  1086233
1089801  1086239
1089802  1086240
1089800  1086241
1089788  1086243
1089788  1089789
1089788  1089790
1089799  1086245
1089751  1086247
1089751  1089752
1089751  1089754
1089753  1086247
1089759  1086251
1089759  1086994
1089759  1089761
1089762  1086252
1089762  1089764
1089762  1089765
1089763  1086252
1090501  1086259
1090501  1090362
1090326  1086265
1090326  1090327
1090326  1090479
1089124  1086273
1089368  1086293
1090530  1086301
1090534  1086301
1090534  1090535
1090534  1090536
1090532  1086303
1090538  1086304
1090538  1090536
1090538  1090539
1090540  1086304
1089176  1086305
1089179  1086307
1089178  1086308
1090666  1086311
1090638  1086319
1089289  1086344
1089289  1086578
1089289  1089290
1089291  1086344
1089292  1086347
1088179  1086357
1089663  1086367
1088194  1086386
1088323  1086394
1088324  1086394
1089619  1086440
1089620  1086440
1089845  1086444
1089932  1086448
1089899  1086503
1090139  1086517
1090009  1086526
1089994  1086527
1090122  1086531
1090122  1090123
1090122  1090124
1090407  1086532
1090407  1086923
1090407  1090483
1090408  1086532
1088720  1086545
1089694  1086567
1089756  1086569
1089688  1086571
1089109  1086574
1089948  1086591
1089944  1086592
1089947  1086595
1090675  1086597
1090336  1086601
1090336  1086603
1090336  1090339
1090338  1086601
1090339  1086603
1090339  1089962
1090339  1090336
1090039  1086648
1090039  1090040
1090039  1090041
1088103  1086726
1088104  1086726
1090524  1086747
1090842  1086752
1090409  1086795
1088392  1086808
1090695  1086831
1088159  1086837
1090147  1086894
1090147  1087128
1090147  1090149
1089887  1086911
1090488  1086925
1090170  1086954
1090797  1086970
1090798  1086970
1089760  1086994
1088447  1087024
1088448  1087024
1090236  1087104
1090237  1087104
1090066  1087187
1090435  1087191
1090380  1087218
1090380  1090382
1090380  1090383
1090381  1087218
1088862  1087262
1088861  1087263
1089028  1087267
1089067  1087268
1089067  1089066
1089067  1089068
1089076  1087269
1089424  1087283
1089284  1087288
1089985  1087305
1089754  1087327
1089754  1089751
1089754  1089755
1089757  1087327
1090641  1087346
1089923  1087351
1090806  1087380
1090808  1087383
1090808  1090809
1090808  1090810
1090811  1087383
1090807  1087384
1090526  1087392
1090526  1090527
1090526  1090528
1090544  1087398
1090544  1090545
1090544  1090546
1090547  1087398
1090583  1087402
1090560  1087414
1090561  1087419
1090553  1087424
1090554  1087426
1090750  1087429
1090871  1087465
1090885  1087586
1090684  1087592
1090686  1087609
1090699  1087615
1090882  1087618
1090688  1087664
1090681  1087692
1090679  1087712
1088845  1087774
1090305  1087806
1088787  1087831
1088787  1088788
1088787  1090309
1090693  1087849
1090703  1087853
1088762  1087855
1090304  1087862
1088289  1087884
1088289  1087888
1088289  1088291
1088290  1087888
1088814  1087954
1088814  1088811
1088814  1088813
1090879  1087954
1088819  1087955
1089031  1088030
1090737  1088036
1088190  1088037
1090734  1088044
1090735  1088044
1090841  1088048
1090843  1088057
1090844  1088062
1090845  1088062
1090738  1088073
1090739  1088073
1088093  1088092
1088095  1088094
1088101  1088098
1088102  1088100
1088119  1088116
1088127  1088122
1088127  1088124
1088127  1088128
1088124  1088123
1088124  1088126
1088124  1088127
1088125  1088123
1088126  1088124
1088128  1088127
1088134  1088133
1088135  1088133
1088140  1088139
1088141  1088139
1088145  1088143
1088146  1088147
1088146  1088149
1088147  1088146
1088147  1088148
1088149  1088146
1088149  1088148
1088149  1088151
1088148  1088147
1088148  1088149
1088148  1088150
1088150  1088148
1088150  1088151
1088150  1088152
1088155  1088154
1088157  1088156
1088163  1088162
1088167  1088165
1088168  1088169
1088170  1088169
1088173  1088172
1088175  1088174
1088181  1088180
1088182  1088180
1088322  1088183
1088189  1088188
1088197  1088196
1088198  1088196
1088200  1088199
1088207  1088205
1088215  1088213
1090832  1088216
1088236  1088217
1088222  1088220
1088224  1088223
1088224  1088225
1088224  1088226
1088227  1088223
1088227  1088228
1088227  1088229
1088225  1088224
1088226  1088224
1088228  1088227
1088230  1088229
1090833  1088235
1088239  1088238
1088240  1088238
1088264  1088249
1088253  1088252
1088256  1088254
1088260  1088259
1088267  1088266
1088270  1088269
1088271  1088269
1088271  1088272
1088271  1088273
1088272  1088271
1088274  1088273
1088274  1088275
1088274  1088276
1088276  1088274
1088277  1088275
1088279  1088278
1088281  1088280
1088284  1088282
1088287  1088285
1088291  1088289
1088299  1088297
1088304  1088302
1088308  1088307
1088309  1088307
1088325  1088312
1088325  1088326
1088325  1088327
1090846  1088313
1088315  1088314
1088320  1088319
1088320  1088321
1088326  1088325
1088327  1088325
1088330  1088328
1088331  1088329
1088334  1088333
1088334  1088335
1088335  1088334
1088347  1088345
1088350  1088349
1088355  1088351
1088353  1088352
1088354  1088352
1088369  1088368
1088370  1088371
1088370  1088373
1088370  1088374
1088374  1088370
1088374  1088376
1088374  1088382
1088381  1088371
1088372  1088373
1088376  1088373
1088376  1088374
1088376  1088375
1088376  1088379
1088382  1088374
1088382  1088383
1088382  1088384
1088375  1088376
1088379  1088376
1088380  1088377
1088383  1088382
1088384  1088382
1088384  1088385
1088384  1088386
1088385  1088384
1088387  1088386
1088399  1088398
1088400  1088398
1088403  1088402
1088409  1088407
1088430  1088429
1088430  1088432
1088430  1088440
1088431  1088429
1088440  1088430
1088433  1088432
1088436  1088434
1088443  1088441
1088450  1088449
1088451  1088449
1088463  1088462
1088466  1088465
1088466  1088467
1088467  1088466
1088473  1088471
1088475  1088474
1089189  1088474
1089189  1089187
1089189  1089191
1088479  1088477
1089192  1088480
1088483  1088482
1088483  1088484
1088483  1088485
1088484  1088483
1088485  1088483
1088492  1088490
1088493  1088491
1088495  1088494
1088499  1088497
1088505  1088502
1090519  1088504
1088508  1088507
1088508  1088509
1088508  1088514
1088509  1088508
1088511  1088510
1088519  1088510
1088513  1088512
1088515  1088514
1088536  1088535
1088540  1088535
1088540  1088538
1088540  1088542
1088538  1088537
1088538  1088540
1088538  1088541
1088539  1088537
1088541  1088538
1088542  1088540
1088544  1088543
1088605  1088545
1088553  1088552
1088555  1088554
1088565  1088564
1088567  1088566
1088568  1088566
1088583  1088582
1088587  1088585
1088594  1088592
1088595  1088593
1088599  1088597
1088602  1088600
1088607  1088606
1088610  1088609
1088611  1088609
1088611  1088612
1088611  1088613
1088612  1088611
1088613  1088611
1088613  1088614
1088613  1088615
1088613  1088616
1088614  1088613
1088615  1088613
1088617  1088616
1088617  1088618
1088617  1088619
1088618  1088617
1088619  1088617
1088623  1088621
1089299  1088628
1089299  1089300
1089299  1089301
1088636  1088630
1088632  1088633
1088632  1088634
1088632  1090349
1088634  1088632
1090349  1088632
1090349  1090288
1090349  1090351
1090287  1088633
1088637  1088638
1088637  1088639
1088637  1088641
1088638  1088637
1088638  1088646
1088638  1090307
1088639  1088637
1088641  1088637
1088641  1088640
1088641  1090348
1088646  1088638
1088646  1088647
1088646  1088648
1090307  1088638
1088640  1088641
1088640  1088642
1088640  1088644
1088642  1088640
1088644  1088640
1088644  1088643
1088644  1088657
1090348  1088641
1088645  1088643
1088657  1088644
1088647  1088646
1088647  1088658
1088647  1090290
1088648  1088646
1088658  1088647
1088658  1088659
1088658  1088660
1090290  1088647
1088653  1088649
1088653  1088654
1088652  1088651
1088654  1088653
1088654  1088655
1088655  1088654
1088659  1088658
1088659  1088661
1088659  1088662
1088660  1088658
1088662  1088659
1088663  1088661
1088667  1088666
1088670  1088669
1088671  1088669
1088673  1088674
1088673  1088675
1088673  1088765
1088675  1088673
1088765  1088673
1088765  1088677
1088765  1088766
1088767  1088674
1088677  1088676
1088677  1088765
1088677  1090294
1088678  1088676
1088678  1088679
1088678  1088680
1090294  1088677
1088679  1088678
1088680  1088678
1090292  1088683
1088687  1088686
1088691  1088690
1088694  1088693
1088698  1088696
1088698  1088700
1088698  1088701
1088699  1088696
1088700  1088698
1088700  1088702
1088700  1089840
1088701  1088698
1088702  1088700
1088702  1088703
1088702  1088704
1089840  1088700
1089840  1089841
1089840  1089842
1088704  1088702
1088705  1088703
1089838  1088706
1088710  1088709
1088711  1088709
1088711  1088712
1088711  1088713
1088712  1088711
1088714  1088713
1088724  1088723
1088728  1088726
1088728  1088729
1088728  1088731
1088731  1088728
1088730  1088729
1088733  1088732
1088736  1088735
1088739  1088738
1088744  1088743
1088756  1088754
1088759  1088757
1090301  1088758
1088763  1088761
1088763  1088764
1088764  1088763
1088766  1088765
1088768  1088769
1088768  1088770
1088768  1090295
1088770  1088768
1090295  1088768
1090295  1090296
1090295  1090297
1090295  1090298
1090344  1088769
1088773  1088771
1088773  1088775
1088773  1088776
1088774  1088771
1088776  1088773
1090303  1088775
1088784  1088780
1088784  1088789
1088784  1088790
1088785  1088780
1088782  1088781
1088783  1088781
1088789  1088784
1088789  1088791
1088789  1088792
1088790  1088784
1090717  1088786
1088788  1088787
1090309  1088787
1090309  1090310
1090309  1090312
1088791  1088789
1088791  1088793
1088791  1088794
1088792  1088789
1088794  1088791
1090718  1088793
1090720  1088796
1088801  1088800
1088802  1088800
1088804  1088803
1088805  1088803
1088809  1088807
1088811  1088812
1088811  1088813
1088811  1088814
1088813  1088811
1088813  1088814
1088813  1088815
1088813  1088818
1088817  1088812
1088815  1088813
1088825  1088822
1088826  1088824
1088830  1088829
1088831  1088829
1088837  1088834
1088838  1088836
1088841  1088840
1088847  1088846
1088853  1088852
1088857  1088856
1088857  1088858
1088858  1088857
1088858  1088859
1090729  1088859
1090730  1088859
1090866  1088867
1088870  1088869
1088870  1088871
1088870  1088878
1088871  1088870
1088878  1088870
1088873  1088872
1088873  1088874
1088873  1088875
1088874  1088872
1088874  1088873
1088874  1088876
1088874  1088877
1088875  1088873
1088876  1088874
1088877  1088874
1088884  1088882
1088887  1088885
1088887  1088889
1088887  1088890
1088888  1088885
1088890  1088887
1088891  1088889
1088893  1088892
1088895  1088894
1088895  1088896
1088895  1088897
1088898  1088894
1088896  1088895
1088897  1088895
1088901  1088899
1088909  1088908
1088911  1088912
1088911  1088913
1088911  1088914
1088912  1088911
1088913  1088911
1088914  1088911
1088914  1088915
1088914  1088916
1088915  1088914
1088919  1088916
1088923  1088922
1088923  1088924
1088923  1088925
1088924  1088923
1088925  1088923
1088930  1088929
1088932  1088931
1088933  1088931
1088938  1088934
1088942  1088940
1088945  1088944
1088945  1088949
1088945  1088951
1088946  1088944
1088949  1088945
1088949  1088947
1088949  1088950
1088951  1088945
1088948  1088947
1088950  1088949
1090839  1088957
1088966  1088965
1088968  1088967
1088969  1088967
1088971  1088970
1088972  1088970
1089000  1088973
1088976  1088975
1088977  1088975
1088979  1088978
1088979  1088981
1088979  1088982
1088980  1088978
1088981  1088979
1088981  1088985
1088981  1088986
1088982  1088979
1088985  1088981
1088985  1088987
1088985  1088988
1088986  1088981
1088984  1088983
1088988  1088985
1088989  1088987
1088989  1088990
1088989  1088991
1088990  1088989
1088991  1088989
1088993  1088992
1088995  1088994
1088998  1088997
1088999  1088997
1089006  1089003
1089007  1089005
1090680  1089008
1090704  1089008
1089012  1089010
1090709  1089013
1090707  1089013
1090707  1090708
1090707  1090710
1089016  1089014
1090706  1089015
1089018  1089017
1089019  1089017
1089019  1089020
1089019  1089021
1089020  1089019
1089021  1089019
1089021  1089022
1089021  1089023
1089022  1089021
1089023  1089021
1089023  1089024
1089023  1089025
1089024  1089023
1089026  1089025
1090712  1089027
1089030  1089029
1089033  1089032
1089044  1089039
1089043  1089042
1090726  1089047
1090727  1089047
1089055  1089054
1089069  1089062
1089065  1089064
1089068  1089067
1089073  1089072
1089074  1089072
1089081  1089079
1089094  1089092
1089094  1089095
1089820  1089093
1090500  1089096
1089103  1089102
1089113  1089111
1089117  1089116
1089118  1089116
1089122  1089121
1089123  1089121
1089128  1089127
1089133  1089131
1089135  1089136
1089135  1089137
1089135  1089766
1089136  1089135
1089136  1089138
1089136  1089139
1089137  1089135
1089766  1089135
1089766  1089764
1089766  1089768
1089139  1089136
1089140  1089138
1089145  1089144
1089497  1089154
1089530  1089156
1089169  1089166
1089169  1089168
1089169  1089170
1089170  1089169
1089170  1090479
1089170  1090480
1090479  1089170
1090479  1090326
1090479  1090327
1090480  1089170
1089172  1089171
1089173  1089171
1089180  1089181
1089180  1089182
1089180  1089184
1090506  1089181
1089183  1089182
1089185  1089184
1089187  1089186
1089187  1089189
1089187  1089190
1089188  1089186
1089190  1089187
1089191  1089189
1089225  1089197
1089202  1089199
1089203  1089201
1089207  1089204
1090508  1089206
1090325  1089210
1089215  1089214
1089217  1089216
1089224  1089223
1089233  1089232
1089233  1089234
1089233  1089235
1089233  1089542
1089545  1089232
1089545  1089546
1089545  1089547
1089234  1089233
1089234  1089236
1089234  1089541
1089235  1089233
1089542  1089233
1089542  1089543
1089542  1089544
1089236  1089234
1089236  1089237
1089236  1089238
1089541  1089234
1089237  1089236
1089237  1089538
1089237  1089540
1089238  1089236
1089538  1089237
1089538  1089536
1089538  1089539
1089540  1089237
1089240  1089239
1089252  1089243
1089246  1089245
1089248  1089247
1089253  1089250
1089269  1089262
1089269  1089270
1089269  1089271
1090663  1089262
1089264  1089263
1089265  1089263
1089267  1089266
1089268  1089266
1089271  1089269
1090662  1089270
1089274  1089272
1089277  1089276
1089285  1089282
1089290  1089289
1089294  1089295
1089296  1089295
1089296  1089297
1089296  1089298
1089297  1089296
1089300  1089299
1089301  1089299
1089304  1089303
1089305  1089303
1089311  1089309
1089313  1089312
1089314  1089312
1089317  1089315
1089322  1089321
1089323  1089321
1089328  1089324
1089326  1089325
1089327  1089325
1089335  1089334
1089337  1089336
1089356  1089355
1089363  1089361
1089365  1089364
1089366  1089364
1089374  1089373
1089377  1089375
1089380  1089379
1089382  1089381
1089386  1089385
1089388  1089387
1089390  1089389
1089395  1089394
1089398  1089399
1089398  1089400
1089398  1089401
1089400  1089398
1089401  1089398
1089401  1089402
1089401  1089403
1089418  1089399
1089402  1089401
1089404  1089403
1089407  1089406
1089410  1089409
1089412  1089411
1089413  1089411
1089422  1089421
1089427  1089428
1089427  1089429
1089427  1089432
1089428  1089427
1089428  1089449
1089428  1090503
1089429  1089427
1089429  1089430
1089429  1089431
1090503  1089428
1089430  1089429
1089431  1089429
1089453  1089432
1089436  1089435
1089437  1089435
1089439  1089438
1089439  1089440
1089439  1089441
1089442  1089438
1089442  1089443
1089442  1089444
1089440  1089439
1089441  1089439
1089443  1089442
1089445  1089444
1089450  1089449
1089450  1089451
1089450  1089452
1089451  1089450
1089452  1089450
1089458  1089456
1089462  1089460
1089465  1089464
1089474  1089473
1089485  1089475
1089481  1089480
1089483  1089482
1089491  1089490
1089491  1089492
1089491  1089493
1089492  1089491
1089493  1089491
1089529  1089498
1089502  1089499
1089531  1089500
1089532  1089500
1089532  1089533
1089532  1089534
1089506  1089505
1089507  1089505
1089512  1089509
1089527  1089511
1089780  1089513
1089516  1089515
1089518  1089517
1089525  1089519
1089523  1089521
1089533  1089532
1089534  1089532
1089534  1089535
1089534  1089536
1089535  1089534
1089536  1089534
1089536  1089537
1089536  1089538
1089537  1089536
1089539  1089538
1089543  1089542
1089544  1089542
1089546  1089545
1089547  1089545
1089549  1089548
1089551  1089550
1089557  1089554
1089557  1089558
1089557  1089561
1089558  1089557
1089558  1089559
1089558  1089560
1089561  1089557
1089559  1089558
1089560  1089558
1089563  1089562
1089567  1089565
1089569  1089570
1089569  1089571
1089570  1089569
1089570  1089572
1089572  1089570
1089576  1089574
1089578  1089577
1089583  1089582
1089583  1089584
1089583  1089585
1089586  1089582
1089584  1089583
1089585  1089583
1089592  1089591
1089596  1089593
1089597  1089595
1089603  1089602
1089607  1089604
1089853  1089612
1089655  1089615
1089623  1089622
1089624  1089622
1089627  1089626
1089628  1089626
1089630  1089629
1089632  1089633
1089632  1089634
1089632  1090610
1089633  1089632
1089634  1089632
1089634  1090609
1090609  1089634
1089638  1089637
1089642  1089641
1089644  1089643
1089650  1089646
1089648  1089647
1089649  1089647
1089654  1089651
1090608  1089653
1089660  1089658
1089662  1089661
1089668  1089666
1090474  1089672
1090474  1090475
1090474  1090476
1089682  1089681
1089693  1089692
1089696  1089695
1089706  1089704
1089715  1089714
1089716  1089714
1089731  1089729
1089732  1089729
1089735  1089733
1089772  1089741
1089748  1089747
1089749  1089747
1089749  1089750
1089749  1089752
1089750  1089749
1089752  1089749
1089752  1089751
1089752  1089758
1089758  1089752
1089755  1089754
1089761  1089759
1089764  1089762
1089764  1089766
1089764  1089767
1089765  1089762
1089767  1089764
1089768  1089766
1089774  1089773
1089779  1089778
1089786  1089785
1089789  1089788
1089789  1089791
1089789  1089792
1089790  1089788
1089791  1089789
1089792  1089789
1089794  1089793
1089795  1089793
1089809  1089808
1089814  1089811
1089817  1089815
1089825  1089824
1089828  1089827
1089829  1089827
1089831  1089830
1089833  1089832
1089836  1089835
1089839  1089837
1089841  1089840
1089842  1089840
1089848  1089847
1090103  1089855
1089864  1089863
1089869  1089868
1089870  1089868
1089874  1089873
1089881  1089879
1089883  1089882
1089884  1089882
1089974  1089890
1089906  1089903
1090637  1089913
1089921  1089920
1089938  1089935
1089954  1089951
1089955  1089953
1089957  1089956
1089962  1089961
1089962  1090339
1089962  1090340
1090337  1089961
1090340  1089962
1089973  1089972
1089978  1089975
1089979  1089977
1089983  1089981
1089988  1089987
1090241  1089987
1089995  1089993
1090003  1089997
1089999  1089998
1090000  1089998
1090027  1090007
1090011  1090010
1090014  1090012
1090017  1090015
1090017  1090019
1090017  1090020
1090018  1090015
1090019  1090017
1090019  1090021
1090019  1090022
1090020  1090017
1090021  1090019
1090021  1090025
1090022  1090019
1090022  1090023
1090022  1090024
1090023  1090022
1090024  1090022
1090035  1090032
1090034  1090033
1090041  1090039
1090042  1090040
1090053  1090045
1090050  1090046
1090050  1090047
1090050  1090051
1090052  1090049
1090051  1090050
1090056  1090055
1090062  1090060
1090065  1090064
1090069  1090068
1090078  1090077
1090079  1090077
1090079  1090080
1090079  1090081
1090080  1090079
1090081  1090079
1090081  1090082
1090081  1090083
1090082  1090081
1090083  1090081
1090086  1090085
1090101  1090100
1090102  1090100
1090107  1090105
1090108  1090106
1090120  1090119
1090123  1090122
1090123  1090124
1090123  1090483
1090124  1090122
1090124  1090123
1090483  1090123
1090483  1090407
1090483  1090484
1090483  1090485
1090129  1090128
1090137  1090136
1090146  1090145
1090146  1090419
1090149  1090147
1090153  1090151
1090439  1090155
1090160  1090159
1090160  1090164
1090160  1090165
1090165  1090160
1090168  1090167
1090169  1090167
1090185  1090183
1090189  1090184
1090193  1090192
1090194  1090192
1090196  1090195
1090197  1090195
1090232  1090201
1090208  1090207
1090216  1090215
1090229  1090228
1090239  1090238
1090240  1090238
1090247  1090245
1090250  1090248
1090252  1090251
1090414  1090254
1090260  1090259
1090265  1090263
1090265  1090364
1090265  1090367
1090366  1090263
1090364  1090265
1090364  1090368
1090364  1090369
1090367  1090265
1090367  1090368
1090367  1090371
1090322  1090279
1090322  1090323
1090323  1090279
1090323  1090322
1090350  1090288
1090296  1090295
1090297  1090295
1090299  1090298
1090310  1090309
1090312  1090309
1090312  1090311
1090312  1090347
1090313  1090311
1090313  1090314
1090313  1090315
1090347  1090312
1090314  1090313
1090315  1090313
1090319  1090318
1090320  1090318
1090327  1090326
1090327  1090328
1090327  1090479
1090351  1090349
1090351  1090352
1090351  1090353
1090352  1090351
1090353  1090351
1090357  1090355
1090357  1090356
1090357  1090358
1090358  1090355
1090358  1090357
1090358  1090359
1090360  1090355
1090356  1090357
1090359  1090358
1090368  1090364
1090368  1090367
1090368  1090370
1090369  1090364
1090371  1090367
1090370  1090368
1090374  1090372
1090402  1090376
1090378  1090377
1090379  1090377
1090382  1090380
1090383  1090380
1090383  1090384
1090383  1090385
1090384  1090383
1090385  1090383
1090385  1090386
1090385  1090387
1090386  1090385
1090387  1090385
1090387  1090388
1090387  1090393
1090388  1090387
1090388  1090389
1090388  1090390
1090393  1090387
1090393  1090394
1090393  1090395
1090393  1090398
1090389  1090388
1090390  1090388
1090390  1090391
1090390  1090392
1090391  1090390
1090392  1090390
1090395  1090393
1090395  1090396
1090395  1090397
1090398  1090393
1090398  1090399
1090398  1090400
1090401  1090394
1090396  1090395
1090397  1090395
1090399  1090398
1090400  1090398
1090431  1090430
1090442  1090437
1090440  1090441
1090444  1090443
1090444  1090445
1090444  1090446
1090446  1090443
1090446  1090444
1090446  1090447
1090445  1090444
1090447  1090446
1090450  1090449
1090461  1090453
1090458  1090454
1090458  1090459
1090458  1090460
1090456  1090455
1090457  1090455
1090459  1090458
1090460  1090458
1090465  1090464
1090466  1090467
1090472  1090471
1090475  1090474
1090476  1090474
1090484  1090483
1090484  1090486
1090484  1090487
1090485  1090483
1090486  1090484
1090487  1090484
1090495  1090494
1090498  1090494
1090522  1090521
1090527  1090526
1090528  1090526
1090535  1090534
1090536  1090534
1090536  1090537
1090536  1090538
1090537  1090536
1090539  1090538
1090545  1090544
1090546  1090544
1090551  1090550
1090552  1090550
1090558  1090557
1090559  1090557
1090566  1090565
1090567  1090565
1090569  1090568
1090570  1090568
1090579  1090577
1090589  1090588
1090590  1090588
1090595  1090594
1090596  1090594
1090603  1090601
1090611  1090610
1090621  1090622
1090621  1090624
1090622  1090621
1090624  1090621
1090624  1090623
1090624  1090630
1090624  1090632
1090630  1090624
1090630  1090629
1090630  1090631
1090627  1090626
1090629  1090630
1090629  1090632
1090634  1090633
1090644  1090643
1090647  1090643
1090649  1090648
1090649  1090651
1090649  1090652
1090650  1090648
1090651  1090649
1090651  1090653
1090651  1090654
1090652  1090649
1090653  1090651
1090653  1090655
1090653  1090656
1090654  1090651
1090655  1090653
1090655  1090659
1090655  1090660
1090656  1090653
1090660  1090655
1090661  1090659
1090698  1090696
1090708  1090707
1090710  1090707
1090721  1090719
1090724  1090723
1090741  1090740
1090746  1090744
1090770  1090761
1090781  1090780
1090786  1090785
1090787  1090785
1090794  1090793
1090795  1090793
1090805  1090803
1090809  1090808
1090810  1090808
1090816  1090815
1090825  1090824
1090828  1090827
1090836  1090835
1090849  1090847
1090853  1090852
1090859  1090858
1090860  1090858
1090862  1090861
1090862  1090863
1090863  1090862
1090887  1090886
1090888  1090886
1090892  1090891
1090901  1090894
1090902  1090894
1090903  1090894
1090900  1090898
